0 32 0 5 3 5242.88 0.0 0.0075 0.0075 0 240 5 0 500 1 0.0 9.536743164062512E-30 1.9073486328125024E-29 0.0 0.0 false
0 32 0 5 3 5242.88 0.0 0.0075 0.0075 0 240 5 0 500 1 0.0 9.536743164062512E-30 1.9073486328125024E-29 0.0 0.0 false
0 32 0 5 3 5242.88 0.0 0.0075 0.0075 0 240 5 0 500 1 0.0 9.536743164062512E-30 1.9073486328125024E-29 0.0 0.0 false
0 32 0 5 3 5242.88 0.0 0.0075 0.0075 0 240 5 0 500 1 0.0 9.536743164062512E-30 1.9073486328125024E-29 0.0 0.0 false
0 32 0 5 3 5242.88 0.0 0.0075 0.0075 0 240 5 0 500 1 0.0 9.536743164062512E-30 1.9073486328125024E-29 0.0 0.0 false
0 32 0 5 3 5242.88 0.0 0.0075 0.0075 0 240 5 0 500 1 0.0 9.536743164062512E-30 1.9073486328125024E-29 0.0 0.0 false
0 32 0 5 3 5242.88 0.0 0.0075 0.0075 0 240 5 0 500 1 0.0 9.536743164062512E-30 1.9073486328125024E-29 0.0 0.0 false
0 32 0 5 3 5242.88 0.0 0.0075 0.0075 0 240 5 0 500 1 0.0 9.536743164062512E-30 1.9073486328125024E-29 0.0 0.0 false
0 32 0 5 3 5242.88 0.0 0.0075 0.0075 0 240 5 0 500 1 0.0 9.536743164062512E-30 1.9073486328125024E-29 0.0 0.0 false
0 32 0 5 3 5242.88 0.0 0.0075 0.0075 0 240 5 0 500 1 0.0 9.536743164062512E-30 1.9073486328125024E-29 0.0 0.0 false
0 32 0 5 3 5242.88 0.0 0.0075 0.0075 0 240 5 0 500 1 0.0 9.536743164062512E-30 1.9073486328125024E-29 0.0 0.0 false
0 32 0 5 3 5242.88 0.0 0.0075 0.0075 0 240 5 0 500 1 0.0 9.536743164062512E-30 1.9073486328125024E-29 0.0 0.0 false
0 32 0 5 3 5242.88 0.0 0.0075 0.0075 0 240 5 0 500 1 0.0 9.536743164062512E-30 1.9073486328125024E-29 0.0 0.0 false
0 32 0 5 3 5242.88 0.0 0.0075 0.0075 0 240 5 0 500 1 0.0 9.536743164062512E-30 1.9073486328125024E-29 0.0 0.0 false
0 32 0 5 3 5242.88 0.0 0.0075 0.0075 0 240 5 0 500 1 0.0 9.536743164062512E-30 1.9073486328125024E-29 0.0 0.0 false
0 32 0 5 3 5242.88 0.0 0.0075 0.0075 0 240 5 0 500 1 0.0 9.536743164062512E-30 1.9073486328125024E-29 0.0 0.0 false
0 32 0 5 3 5242.88 0.0 0.0075 0.0075 0 240 5 0 500 1 0.0 9.536743164062512E-30 1.9073486328125024E-29 0.0 0.0 false
0 32 0 5 3 5242.88 0.0 0.0075 0.0075 0 240 5 0 500 1 0.0 9.536743164062512E-30 1.9073486328125024E-29 0.0 0.0 false
0 32 0 5 3 5242.88 0.0 0.0075 0.0075 0 240 5 0 500 1 0.0 9.536743164062512E-30 1.9073486328125024E-29 0.0 0.0 false
0 32 0 5 3 5242.88 0.0 0.0075 0.0075 0 240 5 0 500 1 0.0 9.536743164062512E-30 1.9073486328125024E-29 0.0 0.0 false
0 32 0 5 3 5242.88 0.0 0.0075 0.0075 0 240 5 0 500 1 0.0 9.536743164062512E-30 1.9073486328125024E-29 0.0 0.0 false
0 32 0 5 3 5242.88 0.0 0.0075 0.0075 0 240 5 0 500 1 0.0 9.536743164062512E-30 1.9073486328125024E-29 0.0 0.0 false
0 32 0 5 3 5242.88 0.0 0.0075 0.0075 0 240 5 0 500 1 0.0 9.536743164062512E-30 1.9073486328125024E-29 0.0 0.0 false
0 32 0 5 3 5242.88 0.0 0.0075 0.0075 0 240 5 0 500 1 0.0 9.536743164062512E-30 1.9073486328125024E-29 0.0 0.0 false
0 32 0 5 3 5242.88 0.0 0.0075 0.0075 0 240 5 0 500 1 0.0 9.536743164062512E-30 1.9073486328125024E-29 0.0 0.0 false
0 32 0 5 3 5242.88 0.0 0.0075 0.0075 0 240 5 0 500 1 0.0 9.094947017729289E-56 1.8189894035458577E-55 0.0 0.0 false
0 32 0 5 3 5242.88 0.0 0.0075 0.0075 0 240 5 0 500 1 0.0 9.094947017729289E-56 1.8189894035458577E-55 0.0 0.0 false
0 32 0 5 3 5242.88 0.0 0.0075 0.0075 0 240 5 0 500 1 0.0 9.094947017729289E-56 1.8189894035458577E-55 0.0 0.0 false
0 32 0 5 3 5242.88 0.0 0.0075 0.0075 0 240 5 0 500 1 0.0 9.094947017729289E-56 1.8189894035458577E-55 0.0 0.0 false
0 32 0 5 3 5242.88 0.0 0.0075 0.0075 0 240 5 0 500 1 0.0 9.094947017729289E-56 1.8189894035458577E-55 0.0 0.0 false
0 32 0 5 3 5242.88 0.0 0.0075 0.0075 0 240 5 0 500 1 0.0 9.094947017729289E-56 1.8189894035458577E-55 0.0 0.0 false
0 32 0 5 3 5242.88 0.0 0.0075 0.0075 0 240 5 0 500 1 0.0 9.094947017729289E-56 1.8189894035458577E-55 0.0 0.0 false
0 32 0 5 3 5242.88 0.0 0.0075 0.0075 0 240 5 0 500 1 0.0 9.094947017729289E-56 1.8189894035458577E-55 0.0 0.0 false
0 32 0 5 3 5242.88 0.0 0.0075 0.0075 0 240 5 0 500 1 0.0 9.094947017729289E-56 1.8189894035458577E-55 0.0 0.0 false
0 32 0 5 3 5242.88 0.0 0.0075 0.0075 0 240 5 0 500 1 0.0 9.094947017729289E-56 1.8189894035458577E-55 0.0 0.0 false
0 32 0 5 3 5242.88 0.0 0.0075 0.0075 0 240 5 0 500 1 0.0 9.094947017729289E-56 1.8189894035458577E-55 0.0 0.0 false
0 32 0 5 3 5242.88 0.0 0.0075 0.0075 0 240 5 0 500 1 0.0 9.094947017729289E-56 1.8189894035458577E-55 0.0 0.0 false
0 32 0 5 3 5242.88 0.0 0.0075 0.0075 0 240 5 0 500 1 0.0 9.094947017729289E-56 1.8189894035458577E-55 0.0 0.0 false
0 32 0 5 3 5242.88 0.0 0.0075 0.0075 0 240 5 0 500 1 0.0 9.094947017729289E-56 1.8189894035458577E-55 0.0 0.0 false
0 32 0 5 3 5242.88 0.0 0.0075 0.0075 0 240 5 0 500 1 0.0 9.094947017729289E-56 1.8189894035458577E-55 0.0 0.0 false
0 32 0 5 3 5242.88 0.0 0.0075 0.0075 0 240 5 0 500 1 0.0 9.094947017729289E-56 1.8189894035458577E-55 0.0 0.0 false
0 32 0 5 3 5242.88 0.0 0.0075 0.0075 0 240 5 0 500 1 0.0 9.094947017729289E-56 1.8189894035458577E-55 0.0 0.0 false
0 32 0 5 3 5242.88 0.0 0.0075 0.0075 0 240 5 0 500 1 0.0 9.094947017729289E-56 1.8189894035458577E-55 0.0 0.0 false
0 32 0 5 3 5242.88 0.0 0.0075 0.0075 0 240 5 0 500 1 0.0 9.094947017729289E-56 1.8189894035458577E-55 0.0 0.0 false
0 32 0 5 3 5242.88 0.0 0.0075 0.0075 0 240 5 0 500 1 0.0 9.094947017729289E-56 1.8189894035458577E-55 0.0 0.0 false
0 32 0 5 3 5242.88 0.0 0.0075 0.0075 0 240 5 0 500 1 0.0 9.094947017729289E-56 1.8189894035458577E-55 0.0 0.0 false
0 32 0 5 3 5242.88 0.0 0.0075 0.0075 0 240 5 0 500 1 0.0 9.094947017729289E-56 1.8189894035458577E-55 0.0 0.0 false
0 32 0 5 3 5242.88 0.0 0.0075 0.0075 0 240 5 0 500 1 0.0 9.094947017729289E-56 1.8189894035458577E-55 0.0 0.0 false
0 32 0 5 3 5242.88 0.0 0.0075 0.0075 0 240 5 0 500 1 0.0 9.094947017729289E-56 1.8189894035458577E-55 0.0 0.0 false
0 32 0 5 3 5242.88 0.0 0.0075 0.0075 0 240 5 0 500 1 0.0 9.094947017729289E-56 1.8189894035458577E-55 0.0 0.0 false
0 32 0 5 3 5242.88 0.0 0.0075 0.0075 0 240 5 0 500 1 0.0 0.0 0.0 0.0 0.0 false
0 32 0 5 3 5242.88 0.0 0.0075 0.0075 0 240 5 0 500 1 0.0 0.0 0.0 0.0 0.0 false
0 32 0 5 3 5242.88 0.0 0.0075 0.0075 0 240 5 0 500 1 0.0 0.0 0.0 0.0 0.0 false
0 32 0 5 3 5242.88 0.0 0.0075 0.0075 0 240 5 0 500 1 0.0 0.0 0.0 0.0 0.0 false
0 32 0 5 3 5242.88 0.0 0.0075 0.0075 0 240 5 0 500 1 0.0 0.0 0.0 0.0 0.0 false
0 32 0 5 3 5242.88 0.0 0.0075 0.0075 0 240 5 0 500 1 0.0 0.0 0.0 0.0 0.0 false
0 32 0 5 3 5242.88 0.0 0.0075 0.0075 0 240 5 0 500 1 0.0 0.0 0.0 0.0 0.0 false
0 32 0 5 3 5242.88 0.0 0.0075 0.0075 0 240 5 0 500 1 0.0 0.0 0.0 0.0 0.0 false
0 32 0 5 3 5242.88 0.0 0.0075 0.0075 0 240 5 0 500 1 0.0 0.0 0.0 0.0 0.0 false
0 32 0 5 3 5242.88 0.0 0.0075 0.0075 0 240 5 0 500 1 0.0 0.0 0.0 0.0 0.0 false
0 32 0 5 3 5242.88 0.0 0.0075 0.0075 0 240 5 0 500 1 0.0 0.0 0.0 0.0 0.0 false
0 32 0 5 3 5242.88 0.0 0.0075 0.0075 0 240 5 0 500 1 0.0 0.0 0.0 0.0 0.0 false
0 32 0 5 3 5242.88 0.0 0.0075 0.0075 0 240 5 0 500 1 0.0 0.0 0.0 0.0 0.0 false
0 32 0 5 3 5242.88 0.0 0.0075 0.0075 0 240 5 0 500 1 0.0 0.0 0.0 0.0 0.0 false
0 32 0 5 3 5242.88 0.0 0.0075 0.0075 0 240 5 0 500 1 0.0 0.0 0.0 0.0 0.0 false
0 32 0 5 3 5242.88 0.0 0.0075 0.0075 0 240 5 0 500 1 0.0 0.0 0.0 0.0 0.0 false
0 32 0 5 3 5242.88 0.0 0.0075 0.0075 0 240 5 0 500 1 0.0 0.0 0.0 0.0 0.0 false
0 32 0 5 3 5242.88 0.0 0.0075 0.0075 0 240 5 0 500 1 0.0 0.0 0.0 0.0 0.0 false
0 32 0 5 3 5242.88 0.0 0.0075 0.0075 0 240 5 0 500 1 0.0 0.0 0.0 0.0 0.0 false
0 32 0 5 3 5242.88 0.0 0.0075 0.0075 0 240 5 0 500 1 0.0 0.0 0.0 0.0 0.0 false
0 32 0 5 3 5242.88 0.0 0.0075 0.0075 0 240 5 0 500 1 0.0 0.0 0.0 0.0 0.0 false
0 32 0 5 3 5242.88 0.0 0.0075 0.0075 0 240 5 0 500 1 0.0 0.0 0.0 0.0 0.0 false
0 32 0 5 3 5242.88 0.0 0.0075 0.0075 0 240 5 0 500 1 0.0 0.0 0.0 0.0 0.0 false
0 32 0 5 3 5242.88 0.0 0.0075 0.0075 0 240 5 0 500 1 0.0 0.0 0.0 0.0 0.0 false
0 32 0 5 3 5242.88 0.0 0.0075 0.0075 0 240 5 0 500 1 0.0 0.0 0.0 0.0 0.0 false
0 32 0 5 3 5242.88 0.0 0.0075 0.0075 0 240 5 0 500 1 0.0 0.0 0.0 0.0 0.0 false
0 32 0 5 3 5242.88 0.0 0.0075 0.0075 0 240 5 0 500 1 0.0 0.0 0.0 0.0 0.0 false
0 32 0 5 3 5242.88 0.0 0.0075 0.0075 0 240 5 0 500 1 0.0 0.0 0.0 0.0 0.0 false
0 32 0 5 3 5242.88 0.0 0.0075 0.0075 0 240 5 0 500 1 0.0 0.0 0.0 0.0 0.0 false
0 32 0 5 3 5242.88 0.0 0.0075 0.0075 0 240 5 0 500 1 0.0 0.0 0.0 0.0 0.0 false
0 32 0 5 3 5242.88 0.0 0.0075 0.0075 0 240 5 0 500 1 0.0 0.0 0.0 0.0 0.0 false
0 32 0 5 3 5242.88 0.0 0.0075 0.0075 0 240 5 0 500 1 0.0 0.0 0.0 0.0 0.0 false
0 32 0 5 3 5242.88 0.0 0.0075 0.0075 0 240 5 0 500 1 0.0 0.0 0.0 0.0 0.0 false
0 32 0 5 3 5242.88 0.0 0.0075 0.0075 0 240 5 0 500 1 0.0 0.0 0.0 0.0 0.0 false
0 32 0 5 3 5242.88 0.0 0.0075 0.0075 0 240 5 0 500 1 0.0 0.0 0.0 0.0 0.0 false
0 32 0 5 3 5242.88 0.0 0.0075 0.0075 0 240 5 0 500 1 0.0 0.0 0.0 0.0 0.0 false
0 32 0 5 3 5242.88 0.0 0.0075 0.0075 0 240 5 0 500 1 0.0 0.0 0.0 0.0 0.0 false
0 32 0 5 3 5242.88 0.0 0.0075 0.0075 0 240 5 0 500 1 0.0 0.0 0.0 0.0 0.0 false
0 32 0 5 3 5242.88 0.0 0.0075 0.0075 0 240 5 0 500 1 0.0 0.0 0.0 0.0 0.0 false
0 32 0 5 3 5242.88 0.0 0.0075 0.0075 0 240 5 0 500 1 0.0 0.0 0.0 0.0 0.0 false
0 32 0 5 3 5242.88 0.0 0.0075 0.0075 0 240 5 0 500 1 0.0 0.0 0.0 0.0 0.0 false
0 32 0 5 3 5242.88 0.0 0.0075 0.0075 0 240 5 0 500 1 0.0 0.0 0.0 0.0 0.0 false
0 32 0 5 3 5242.88 0.0 0.0075 0.0075 0 240 5 0 500 1 0.0 0.0 0.0 0.0 0.0 false
0 32 0 5 3 5242.88 0.0 0.0075 0.0075 0 240 5 0 500 1 0.0 0.0 0.0 0.0 0.0 false
0 32 0 5 3 5242.88 0.0 0.0075 0.0075 0 240 5 0 500 1 0.0 0.0 0.0 0.0 0.0 false
0 32 0 5 3 5242.88 0.0 0.0075 0.0075 0 240 5 0 500 1 0.0 0.0 0.0 0.0 0.0 false
0 32 0 5 3 5242.88 0.0 0.0075 0.0075 0 240 5 0 500 1 0.0 0.0 0.0 0.0 0.0 false
0 32 0 5 3 5242.88 0.0 0.0075 0.0075 0 240 5 0 500 1 0.0 0.0 0.0 0.0 0.0 false
0 32 0 5 3 5242.88 0.0 0.0075 0.0075 0 240 5 0 500 1 0.0 0.0 0.0 0.0 0.0 false
0 32 0 5 3 5242.88 0.0 0.0075 0.0075 0 240 5 0 500 1 0.0 0.0 0.0 0.0 0.0 false
0 32 0 5 3 5242.88 0.0 0.0075 0.0075 0 240 5 0 500 1 0.0 0.0 0.0 0.0 0.0 false
0 32 0 5 3 5242.88 0.0 0.0075 0.0075 0 240 5 0 500 1 0.0 0.0 0.0 0.0 0.0 false
0 32 0 5 3 5242.88 0.0 0.0075 0.0075 0 240 5 0 500 1 0.0 0.0 0.0 0.0 0.0 false
0 32 0 5 3 5242.88 0.0 0.0075 0.0075 0 240 5 0 500 1 0.0 0.0 0.0 0.0 0.0 false
0 32 0 5 3 5242.88 0.0 0.0075 0.0075 0 240 5 0 500 1 0.0 0.0 0.0 0.0 0.0 false
0 32 0 5 3 5242.88 0.0 0.0075 0.0075 0 240 5 0 500 1 0.0 0.0 0.0 0.0 0.0 false
0 32 0 5 3 5242.88 0.0 0.0075 0.0075 0 240 5 0 500 1 0.0 0.0 0.0 0.0 0.0 false
0 32 0 5 3 5242.88 0.0 0.0075 0.0075 0 240 5 0 500 1 0.0 0.0 0.0 0.0 0.0 false
0 32 0 5 3 5242.88 0.0 0.0075 0.0075 0 240 5 0 500 1 0.0 0.0 0.0 0.0 0.0 false
0 32 0 5 3 5242.88 0.0 0.0075 0.0075 0 240 5 0 500 1 0.0 0.0 0.0 0.0 0.0 false
0 32 0 5 3 5242.88 0.0 0.0075 0.0075 0 240 5 0 500 1 0.0 0.0 0.0 0.0 0.0 false
0 32 0 5 3 5242.88 0.0 0.0075 0.0075 0 240 5 0 500 1 0.0 0.0 0.0 0.0 0.0 false
0 32 0 5 3 5242.88 0.0 0.0075 0.0075 0 240 5 0 500 1 0.0 0.0 0.0 0.0 0.0 false
0 32 0 5 3 5242.88 0.0 0.0075 0.0075 0 240 5 0 500 1 0.0 0.0 0.0 0.0 0.0 false
0 32 0 5 3 5242.88 0.0 0.0075 0.0075 0 240 5 0 500 1 0.0 0.0 0.0 0.0 0.0 false
0 32 0 5 3 5242.88 0.0 0.0075 0.0075 0 240 5 0 500 1 0.0 0.0 0.0 0.0 0.0 false
0 32 0 5 3 5242.88 0.0 0.0075 0.0075 0 240 5 0 500 1 0.0 0.0 0.0 0.0 0.0 false
0 32 0 5 3 5242.88 0.0 0.0075 0.0075 0 240 5 0 500 1 0.0 0.0 0.0 0.0 0.0 false
0 32 0 5 3 5242.88 0.0 0.0075 0.0075 0 240 5 0 500 1 0.0 0.0 0.0 0.0 0.0 false
0 32 0 5 3 5242.88 0.0 0.0075 0.0075 0 240 5 0 500 1 0.0 0.0 0.0 0.0 0.0 false
0 32 0 5 3 5242.88 0.0 0.0075 0.0075 0 240 5 0 500 1 0.0 0.0 0.0 0.0 0.0 false
0 32 0 5 3 5242.88 0.0 0.0075 0.0075 0 240 5 0 500 1 0.0 0.0 0.0 0.0 0.0 false
0 32 0 5 3 5242.88 0.0 0.0075 0.0075 0 240 5 0 500 1 0.0 0.0 0.0 0.0 0.0 false
0 32 0 5 3 5242.88 0.0 0.0075 0.0075 0 240 5 0 500 1 0.0 0.0 0.0 0.0 0.0 false
0 32 0 5 3 5242.88 0.0 0.0075 0.0075 0 240 5 0 500 1 0.0 0.0 0.0 0.0 0.0 false
0 32 0 5 3 0.005 3.486784400999999E-15 0.0075 0.0075 0 240 5 0 500 1 2.384185791015625E-7 1.0000000000000013E-23 2.0000000000000026E-23 2.384185791015625E-9 1.71661376953125E-9 false
0 32 0 5 3 0.005 3.486784400999999E-15 0.0075 0.0075 0 240 5 0 500 1 2.384185791015625E-7 1.0000000000000013E-23 2.0000000000000026E-23 2.384185791015625E-9 1.71661376953125E-9 false
0 32 0 5 3 0.005 3.486784400999999E-15 0.0075 0.0075 0 240 5 0 500 1 2.384185791015625E-7 1.0000000000000013E-23 2.0000000000000026E-23 2.384185791015625E-9 1.71661376953125E-9 false
0 32 0 5 3 0.005 3.486784400999999E-15 0.0075 0.0075 0 240 5 0 500 1 2.384185791015625E-7 1.0000000000000013E-23 2.0000000000000026E-23 2.384185791015625E-9 1.71661376953125E-9 false
0 32 0 5 3 0.005 3.486784400999999E-15 0.0075 0.0075 0 240 5 0 500 1 2.384185791015625E-7 1.0000000000000013E-23 2.0000000000000026E-23 2.384185791015625E-9 1.71661376953125E-9 false
0 32 0 5 3 0.005 3.486784400999999E-15 0.0075 0.0075 0 240 5 0 500 1 2.384185791015625E-7 1.0000000000000013E-23 2.0000000000000026E-23 2.384185791015625E-9 1.71661376953125E-9 false
0 32 0 5 3 0.005 3.486784400999999E-15 0.0075 0.0075 0 240 5 0 500 1 2.384185791015625E-7 1.0000000000000013E-23 2.0000000000000026E-23 2.384185791015625E-9 1.71661376953125E-9 false
0 32 0 5 3 0.005 3.486784400999999E-15 0.0075 0.0075 0 240 5 0 500 1 2.384185791015625E-7 1.0000000000000013E-23 2.0000000000000026E-23 2.384185791015625E-9 1.71661376953125E-9 false
0 32 0 5 3 0.005 3.486784400999999E-15 0.0075 0.0075 0 240 5 0 500 1 2.384185791015625E-7 1.0000000000000013E-23 2.0000000000000026E-23 2.384185791015625E-9 1.71661376953125E-9 false
0 32 0 5 3 0.005 3.486784400999999E-15 0.0075 0.0075 0 240 5 0 500 1 2.384185791015625E-7 1.0000000000000013E-23 2.0000000000000026E-23 2.384185791015625E-9 1.71661376953125E-9 false
0 32 0 5 3 0.005 3.486784400999999E-15 0.0075 0.0075 0 240 5 0 500 1 2.384185791015625E-7 1.0000000000000013E-23 2.0000000000000026E-23 2.384185791015625E-9 1.71661376953125E-9 false
0 32 0 5 3 0.005 3.486784400999999E-15 0.0075 0.0075 0 240 5 0 500 1 2.384185791015625E-7 1.0000000000000013E-23 2.0000000000000026E-23 2.384185791015625E-9 1.71661376953125E-9 false
0 32 0 5 3 0.005 3.486784400999999E-15 0.0075 0.0075 0 240 5 0 500 1 2.384185791015625E-7 1.0000000000000013E-23 2.0000000000000026E-23 2.384185791015625E-9 1.71661376953125E-9 false
0 32 0 5 3 0.005 3.486784400999999E-15 0.0075 0.0075 0 240 5 0 500 1 2.384185791015625E-7 1.0000000000000013E-23 2.0000000000000026E-23 2.384185791015625E-9 1.71661376953125E-9 false
0 32 0 5 3 0.005 3.486784400999999E-15 0.0075 0.0075 0 240 5 0 500 1 2.384185791015625E-7 1.0000000000000013E-23 2.0000000000000026E-23 2.384185791015625E-9 1.71661376953125E-9 false
0 32 0 5 3 0.005 3.486784400999999E-15 0.0075 0.0075 0 240 5 0 500 1 2.384185791015625E-7 1.0000000000000013E-23 2.0000000000000026E-23 2.384185791015625E-9 1.71661376953125E-9 false
0 32 0 5 3 0.005 3.486784400999999E-15 0.0075 0.0075 0 240 5 0 500 1 2.384185791015625E-7 1.0000000000000013E-23 2.0000000000000026E-23 2.384185791015625E-9 1.71661376953125E-9 false
0 32 0 5 3 0.005 3.486784400999999E-15 0.0075 0.0075 0 240 5 0 500 1 2.384185791015625E-7 1.0000000000000013E-23 2.0000000000000026E-23 2.384185791015625E-9 1.71661376953125E-9 false
0 32 0 5 3 0.005 3.486784400999999E-15 0.0075 0.0075 0 240 5 0 500 1 2.384185791015625E-7 1.0000000000000013E-23 2.0000000000000026E-23 2.384185791015625E-9 1.71661376953125E-9 false
0 32 0 5 3 0.005 3.486784400999999E-15 0.0075 0.0075 0 240 5 0 500 1 2.384185791015625E-7 1.0000000000000013E-23 2.0000000000000026E-23 2.384185791015625E-9 1.71661376953125E-9 false
0 32 0 5 3 0.005 3.486784400999999E-15 0.0075 0.0075 0 240 5 0 500 1 2.384185791015625E-7 1.0000000000000013E-23 2.0000000000000026E-23 2.384185791015625E-9 1.71661376953125E-9 false
0 32 0 5 3 0.005 3.486784400999999E-15 0.0075 0.0075 0 240 5 0 500 1 2.384185791015625E-7 1.0000000000000013E-23 2.0000000000000026E-23 2.384185791015625E-9 1.71661376953125E-9 false
0 32 0 5 3 0.005 3.486784400999999E-15 0.0075 0.0075 0 240 5 0 500 1 2.384185791015625E-7 1.0000000000000013E-23 2.0000000000000026E-23 2.384185791015625E-9 1.71661376953125E-9 false
0 32 0 5 3 0.005 3.486784400999999E-15 0.0075 0.0075 0 240 5 0 500 1 2.384185791015625E-7 1.0000000000000013E-23 2.0000000000000026E-23 2.384185791015625E-9 1.71661376953125E-9 false
0 32 0 5 3 0.005 3.486784400999999E-15 0.0075 0.0075 0 240 5 0 500 1 2.384185791015625E-7 1.0000000000000013E-23 2.0000000000000026E-23 2.384185791015625E-9 1.71661376953125E-9 false
0 32 0 5 3 5.2428800000000064E-17 0.003833759992447474 0.0075 0.0075 6 240 5 3 500 1 0.25 9.5367431640625E-10 1.9073486328125E-9 0.0025 0.0018 false
0 32 0 5 3 5.2428800000000064E-17 0.003833759992447474 0.0075 0.0075 6 240 5 3 500 1 0.25 9.5367431640625E-10 1.9073486328125E-9 0.0025 0.0018 false
0 32 0 5 3 5.2428800000000064E-17 0.003833759992447474 0.0075 0.0075 6 240 5 3 500 1 0.25 9.5367431640625E-10 1.9073486328125E-9 0.0025 0.0018 false
0 32 0 5 3 5.2428800000000064E-17 0.003833759992447474 0.0075 0.0075 6 240 5 3 500 1 0.25 9.5367431640625E-10 1.9073486328125E-9 0.0025 0.0018 false
0 32 0 5 3 5.2428800000000064E-17 0.003833759992447474 0.0075 0.0075 6 240 5 3 500 1 0.25 9.5367431640625E-10 1.9073486328125E-9 0.0025 0.0018 false
0 32 0 5 3 5.2428800000000064E-17 0.003833759992447474 0.0075 0.0075 6 240 5 3 500 1 0.25 9.5367431640625E-10 1.9073486328125E-9 0.0025 0.0018 false
0 32 0 5 3 5.2428800000000064E-17 0.003833759992447474 0.0075 0.0075 6 240 5 3 500 1 0.25 9.5367431640625E-10 1.9073486328125E-9 0.0025 0.0018 false
0 32 0 5 3 5.2428800000000064E-17 0.003833759992447474 0.0075 0.0075 6 240 5 3 500 1 0.25 9.5367431640625E-10 1.9073486328125E-9 0.0025 0.0018 false
0 32 0 5 3 5.2428800000000064E-17 0.003833759992447474 0.0075 0.0075 6 240 5 3 500 1 0.25 9.5367431640625E-10 1.9073486328125E-9 0.0025 0.0018 false
0 32 0 5 3 5.2428800000000064E-17 0.003833759992447474 0.0075 0.0075 6 240 5 3 500 1 0.25 9.5367431640625E-10 1.9073486328125E-9 0.0025 0.0018 false
0 32 0 5 3 5.2428800000000064E-17 0.003833759992447474 0.0075 0.0075 6 240 5 3 500 1 0.25 9.5367431640625E-10 1.9073486328125E-9 0.0025 0.0018 false
0 32 0 5 3 5.2428800000000064E-17 0.003833759992447474 0.0075 0.0075 6 240 5 3 500 1 0.25 9.5367431640625E-10 1.9073486328125E-9 0.0025 0.0018 false
0 32 0 5 3 5.2428800000000064E-17 0.003833759992447474 0.0075 0.0075 6 240 5 3 500 1 0.25 9.5367431640625E-10 1.9073486328125E-9 0.0025 0.0018 false
0 32 0 5 3 5.2428800000000064E-17 0.003833759992447474 0.0075 0.0075 6 240 5 3 500 1 0.25 9.5367431640625E-10 1.9073486328125E-9 0.0025 0.0018 false
0 32 0 5 3 5.2428800000000064E-17 0.003833759992447474 0.0075 0.0075 6 240 5 3 500 1 0.25 9.5367431640625E-10 1.9073486328125E-9 0.0025 0.0018 false
0 32 0 5 3 5.2428800000000064E-17 0.003833759992447474 0.0075 0.0075 6 240 5 3 500 1 0.25 9.5367431640625E-10 1.9073486328125E-9 0.0025 0.0018 false
0 32 0 5 3 5.2428800000000064E-17 0.003833759992447474 0.0075 0.0075 6 240 5 3 500 1 0.25 9.5367431640625E-10 1.9073486328125E-9 0.0025 0.0018 false
0 32 0 5 3 5.2428800000000064E-17 0.003833759992447474 0.0075 0.0075 6 240 5 3 500 1 0.25 9.5367431640625E-10 1.9073486328125E-9 0.0025 0.0018 false
0 32 0 5 3 5.2428800000000064E-17 0.003833759992447474 0.0075 0.0075 6 240 5 3 500 1 0.25 9.5367431640625E-10 1.9073486328125E-9 0.0025 0.0018 false
0 32 0 5 3 5.2428800000000064E-17 0.003833759992447474 0.0075 0.0075 6 240 5 3 500 1 0.25 9.5367431640625E-10 1.9073486328125E-9 0.0025 0.0018 false
0 32 0 5 3 5.2428800000000064E-17 0.003833759992447474 0.0075 0.0075 6 240 5 3 500 1 0.25 9.5367431640625E-10 1.9073486328125E-9 0.0025 0.0018 false
0 32 0 5 3 5.2428800000000064E-17 0.003833759992447474 0.0075 0.0075 6 240 5 3 500 1 0.25 9.5367431640625E-10 1.9073486328125E-9 0.0025 0.0018 false
0 32 0 5 3 5.2428800000000064E-17 0.003833759992447474 0.0075 0.0075 6 240 5 3 500 1 0.25 9.5367431640625E-10 1.9073486328125E-9 0.0025 0.0018 false
0 32 0 5 3 5.2428800000000064E-17 0.003833759992447474 0.0075 0.0075 6 240 5 3 500 1 0.25 9.5367431640625E-10 1.9073486328125E-9 0.0025 0.0018 false
0 32 0 5 3 5.2428800000000064E-17 0.003833759992447474 0.0075 0.0075 6 240 5 3 500 1 0.25 9.5367431640625E-10 1.9073486328125E-9 0.0025 0.0018 false
95811 32 25516 5 3 5.764607523034242E-5 9094.947017729282 0.0075 0.0075 151 240 5 3145728 500 1 0.25 0.03833759992447472 0.07667519984894944 0.09584399981118683 1887.4368 false
95811 32 25516 5 3 5.764607523034242E-5 9094.947017729282 0.0075 0.0075 151 240 5 3145728 500 1 0.25 0.03833759992447472 0.07667519984894944 0.09584399981118683 1887.4368 false
95811 32 25516 5 3 5.764607523034242E-5 9094.947017729282 0.0075 0.0075 151 240 5 3145728 500 1 0.25 0.03833759992447472 0.07667519984894944 0.09584399981118683 1887.4368 false
95811 32 25516 5 3 5.764607523034242E-5 9094.947017729282 0.0075 0.0075 151 240 5 3145728 500 1 0.25 0.03833759992447472 0.07667519984894944 0.09584399981118683 1887.4368 false
95811 32 25516 5 3 5.764607523034242E-5 9094.947017729282 0.0075 0.0075 151 240 5 3145728 500 1 0.25 0.03833759992447472 0.07667519984894944 0.09584399981118683 1887.4368 false
95811 32 25516 5 3 5.764607523034242E-5 9094.947017729282 0.0075 0.0075 151 240 5 3145728 500 1 0.25 0.03833759992447472 0.07667519984894944 0.09584399981118683 1887.4368 false
95811 32 25516 5 3 5.764607523034242E-5 9094.947017729282 0.0075 0.0075 151 240 5 3145728 500 1 0.25 0.03833759992447472 0.07667519984894944 0.09584399981118683 1887.4368 false
95811 32 25516 5 3 5.764607523034242E-5 9094.947017729282 0.0075 0.0075 151 240 5 3145728 500 1 0.25 0.03833759992447472 0.07667519984894944 0.09584399981118683 1887.4368 false
95811 32 25516 5 3 5.764607523034242E-5 9094.947017729282 0.0075 0.0075 151 240 5 3145728 500 1 0.25 0.03833759992447472 0.07667519984894944 0.09584399981118683 1887.4368 false
95811 32 25516 5 3 5.764607523034242E-5 9094.947017729282 0.0075 0.0075 151 240 5 3145728 500 1 0.25 0.03833759992447472 0.07667519984894944 0.09584399981118683 1887.4368 false
95811 32 25516 5 3 5.764607523034242E-5 9094.947017729282 0.0075 0.0075 151 240 5 3145728 500 1 0.25 0.03833759992447472 0.07667519984894944 0.09584399981118683 1887.4368 false
95811 32 25516 5 3 5.764607523034242E-5 9094.947017729282 0.0075 0.0075 151 240 5 3145728 500 1 0.25 0.03833759992447472 0.07667519984894944 0.09584399981118683 1887.4368 false
95811 32 25516 5 3 5.764607523034242E-5 9094.947017729282 0.0075 0.0075 151 240 5 3145728 500 1 0.25 0.03833759992447472 0.07667519984894944 0.09584399981118683 1887.4368 false
95811 32 25516 5 3 5.764607523034242E-5 9094.947017729282 0.0075 0.0075 151 240 5 3145728 500 1 0.25 0.03833759992447472 0.07667519984894944 0.09584399981118683 1887.4368 false
95811 32 25516 5 3 5.764607523034242E-5 9094.947017729282 0.0075 0.0075 151 240 5 3145728 500 1 0.25 0.03833759992447472 0.07667519984894944 0.09584399981118683 1887.4368 false
95811 32 25516 5 3 5.764607523034242E-5 9094.947017729282 0.0075 0.0075 151 240 5 3145728 500 1 0.25 0.03833759992447472 0.07667519984894944 0.09584399981118683 1887.4368 false
95811 32 25516 5 3 5.764607523034242E-5 9094.947017729282 0.0075 0.0075 151 240 5 3145728 500 1 0.25 0.03833759992447472 0.07667519984894944 0.09584399981118683 1887.4368 false
95811 32 25516 5 3 5.764607523034242E-5 9094.947017729282 0.0075 0.0075 151 240 5 3145728 500 1 0.25 0.03833759992447472 0.07667519984894944 0.09584399981118683 1887.4368 false
95811 32 25516 5 3 5.764607523034242E-5 9094.947017729282 0.0075 0.0075 151 240 5 3145728 500 1 0.25 0.03833759992447472 0.07667519984894944 0.09584399981118683 1887.4368 false
95811 32 25516 5 3 5.764607523034242E-5 9094.947017729282 0.0075 0.0075 151 240 5 3145728 500 1 0.25 0.03833759992447472 0.07667519984894944 0.09584399981118683 1887.4368 false
95811 32 25516 5 3 5.764607523034242E-5 9094.947017729282 0.0075 0.0075 151 240 5 3145728 500 1 0.25 0.03833759992447472 0.07667519984894944 0.09584399981118683 1887.4368 false
95811 32 25516 5 3 5.764607523034242E-5 9094.947017729282 0.0075 0.0075 151 240 5 3145728 500 1 0.25 0.03833759992447472 0.07667519984894944 0.09584399981118683 1887.4368 false
95811 32 25516 5 3 5.764607523034242E-5 9094.947017729282 0.0075 0.0075 151 240 5 3145728 500 1 0.25 0.03833759992447472 0.07667519984894944 0.09584399981118683 1887.4368 false
95811 32 25516 5 3 5.764607523034242E-5 9094.947017729282 0.0075 0.0075 151 240 5 3145728 500 1 0.25 0.03833759992447472 0.07667519984894944 0.09584399981118683 1887.4368 false
95811 32 25516 5 3 5.764607523034242E-5 9094.947017729282 0.0075 0.0075 151 240 5 3145728 500 1 0.25 0.03833759992447472 0.07667519984894944 0.09584399981118683 1887.4368 false
2500 32 667 5 3 5242.88 104.8576 0.0075 0.0075 151 240 5 8092 500 1 0.25 0.001 0.002 0.09584399981118683 5.98546211414337 false
2500 32 667 5 3 5242.88 104.8576 0.0075 0.0075 151 240 5 8092 500 1 0.25 0.001 0.002 0.09584399981118683 5.98546211414337 false
2500 32 667 5 3 5242.88 104.8576 0.0075 0.0075 151 240 5 8092 500 1 0.25 0.001 0.002 0.09584399981118683 5.98546211414337 false
2500 32 667 5 3 5242.88 104.8576 0.0075 0.0075 151 240 5 8092 500 1 0.25 0.001 0.002 0.09584399981118683 5.98546211414337 false
2500 32 667 5 3 5242.88 104.8576 0.0075 0.0075 151 240 5 8092 500 1 0.25 0.001 0.002 0.09584399981118683 5.98546211414337 false
2500 32 667 5 3 5242.88 104.8576 0.0075 0.0075 151 240 5 8092 500 1 0.25 0.001 0.002 0.09584399981118683 5.98546211414337 false
2500 32 667 5 3 5242.88 104.8576 0.0075 0.0075 151 240 5 8092 500 1 0.25 0.001 0.002 0.09584399981118683 5.98546211414337 false
2500 32 667 5 3 5242.88 104.8576 0.0075 0.0075 151 240 5 8092 500 1 0.25 0.001 0.002 0.09584399981118683 5.98546211414337 false
2500 32 667 5 3 5242.88 104.8576 0.0075 0.0075 151 240 5 8092 500 1 0.25 0.001 0.002 0.09584399981118683 5.98546211414337 false
2500 32 667 5 3 5242.88 104.8576 0.0075 0.0075 151 240 5 8092 500 1 0.25 0.001 0.002 0.09584399981118683 5.98546211414337 false
2500 32 667 5 3 5242.88 104.8576 0.0075 0.0075 151 240 5 8092 500 1 0.25 0.001 0.002 0.09584399981118683 5.98546211414337 false
2500 32 667 5 3 5242.88 104.8576 0.0075 0.0075 151 240 5 8092 500 1 0.25 0.001 0.002 0.09584399981118683 5.98546211414337 false
2500 32 667 5 3 5242.88 104.8576 0.0075 0.0075 151 240 5 8092 500 1 0.25 0.001 0.002 0.09584399981118683 5.98546211414337 false
2500 32 667 5 3 5242.88 104.8576 0.0075 0.0075 151 240 5 8092 500 1 0.25 0.001 0.002 0.09584399981118683 5.98546211414337 false
2500 32 667 5 3 5242.88 104.8576 0.0075 0.0075 151 240 5 8092 500 1 0.25 0.001 0.002 0.09584399981118683 5.98546211414337 false
2500 32 667 5 3 5242.88 104.8576 0.0075 0.0075 151 240 5 8092 500 1 0.25 0.001 0.002 0.09584399981118683 5.98546211414337 false
2500 32 667 5 3 5242.88 104.8576 0.0075 0.0075 151 240 5 8092 500 1 0.25 0.001 0.002 0.09584399981118683 5.98546211414337 false
2500 32 667 5 3 5242.88 104.8576 0.0075 0.0075 151 240 5 8092 500 1 0.25 0.001 0.002 0.09584399981118683 5.98546211414337 false
2500 32 667 5 3 5242.88 104.8576 0.0075 0.0075 151 240 5 8092 500 1 0.25 0.001 0.002 0.09584399981118683 5.98546211414337 false
2500 32 667 5 3 5242.88 104.8576 0.0075 0.0075 151 240 5 8092 500 1 0.25 0.001 0.002 0.09584399981118683 5.98546211414337 false
2500 32 667 5 3 5242.88 104.8576 0.0075 0.0075 151 240 5 8092 500 1 0.25 0.001 0.002 0.09584399981118683 5.98546211414337 false
2500 32 667 5 3 5242.88 104.8576 0.0075 0.0075 151 240 5 8092 500 1 0.25 0.001 0.002 0.09584399981118683 5.98546211414337 false
2500 32 667 5 3 5242.88 104.8576 0.0075 0.0075 151 240 5 8092 500 1 0.25 0.001 0.002 0.09584399981118683 5.98546211414337 false
2500 32 667 5 3 5242.88 104.8576 0.0075 0.0075 151 240 5 8092 500 1 0.25 0.001 0.002 0.09584399981118683 5.98546211414337 false
2500 32 667 5 3 5242.88 104.8576 0.0075 0.0075 151 240 5 8092 500 1 0.25 0.001 0.002 0.09584399981118683 5.98546211414337 false
2500 32 667 5 3 16.62628365039826 1.0E-4 0.0075 0.0075 151 240 5 3 500 1 0.25 0.001 0.002 0.09584399981118683 0.0018 false
2500 32 667 5 3 16.62628365039826 1.0E-4 0.0075 0.0075 151 240 5 3 500 1 0.25 0.001 0.002 0.09584399981118683 0.0018 false
2500 32 667 5 3 16.62628365039826 1.0E-4 0.0075 0.0075 151 240 5 3 500 1 0.25 0.001 0.002 0.09584399981118683 0.0018 false
2500 32 667 5 3 16.62628365039826 1.0E-4 0.0075 0.0075 151 240 5 3 500 1 0.25 0.001 0.002 0.09584399981118683 0.0018 false
2500 32 667 5 3 16.62628365039826 1.0E-4 0.0075 0.0075 151 240 5 3 500 1 0.25 0.001 0.002 0.09584399981118683 0.0018 false
2500 32 667 5 3 16.62628365039826 1.0E-4 0.0075 0.0075 151 240 5 3 500 1 0.25 0.001 0.002 0.09584399981118683 0.0018 false
2500 32 667 5 3 16.62628365039826 1.0E-4 0.0075 0.0075 151 240 5 3 500 1 0.25 0.001 0.002 0.09584399981118683 0.0018 false
2500 32 667 5 3 16.62628365039826 1.0E-4 0.0075 0.0075 151 240 5 3 500 1 0.25 0.001 0.002 0.09584399981118683 0.0018 false
2500 32 667 5 3 16.62628365039826 1.0E-4 0.0075 0.0075 151 240 5 3 500 1 0.25 0.001 0.002 0.09584399981118683 0.0018 false
2500 32 667 5 3 16.62628365039826 1.0E-4 0.0075 0.0075 151 240 5 3 500 1 0.25 0.001 0.002 0.09584399981118683 0.0018 false
2500 32 667 5 3 16.62628365039826 1.0E-4 0.0075 0.0075 151 240 5 3 500 1 0.25 0.001 0.002 0.09584399981118683 0.0018 false
2500 32 667 5 3 16.62628365039826 1.0E-4 0.0075 0.0075 151 240 5 3 500 1 0.25 0.001 0.002 0.09584399981118683 0.0018 false
2500 32 667 5 3 16.62628365039826 1.0E-4 0.0075 0.0075 151 240 5 3 500 1 0.25 0.001 0.002 0.09584399981118683 0.0018 false
2500 32 667 5 3 16.62628365039826 1.0E-4 0.0075 0.0075 151 240 5 3 500 1 0.25 0.001 0.002 0.09584399981118683 0.0018 false
2500 32 667 5 3 16.62628365039826 1.0E-4 0.0075 0.0075 151 240 5 3 500 1 0.25 0.001 0.002 0.09584399981118683 0.0018 false
2500 32 667 5 3 16.62628365039826 1.0E-4 0.0075 0.0075 151 240 5 3 500 1 0.25 0.001 0.002 0.09584399981118683 0.0018 false
2500 32 667 5 3 16.62628365039826 1.0E-4 0.0075 0.0075 151 240 5 3 500 1 0.25 0.001 0.002 0.09584399981118683 0.0018 false
2500 32 667 5 3 16.62628365039826 1.0E-4 0.0075 0.0075 151 240 5 3 500 1 0.25 0.001 0.002 0.09584399981118683 0.0018 false
2500 32 667 5 3 16.62628365039826 1.0E-4 0.0075 0.0075 151 240 5 3 500 1 0.25 0.001 0.002 0.09584399981118683 0.0018 false
2500 32 667 5 3 16.62628365039826 1.0E-4 0.0075 0.0075 151 240 5 3 500 1 0.25 0.001 0.002 0.09584399981118683 0.0018 false
2500 32 667 5 3 16.62628365039826 1.0E-4 0.0075 0.0075 151 240 5 3 500 1 0.25 0.001 0.002 0.09584399981118683 0.0018 false
2500 32 667 5 3 16.62628365039826 1.0E-4 0.0075 0.0075 151 240 5 3 500 1 0.25 0.001 0.002 0.09584399981118683 0.0018 false
2500 32 667 5 3 16.62628365039826 1.0E-4 0.0075 0.0075 151 240 5 3 500 1 0.25 0.001 0.002 0.09584399981118683 0.0018 false
2500 32 667 5 3 16.62628365039826 1.0E-4 0.0075 0.0075 151 240 5 3 500 1 0.25 0.001 0.002 0.09584399981118683 0.0018 false
2500 32 667 5 3 16.62628365039826 1.0E-4 0.0075 0.0075 151 240 5 3 500 1 0.25 0.001 0.002 0.09584399981118683 0.0018 false
27 32 6 5 3 0.005 1.0E-4 0.0075 0.0075 6 240 5 0 500 1 0.25 1.1529215046068485E-5 2.305843009213697E-5 0.0025 2.0752587082923258E-5 false
27 32 6 5 3 0.005 1.0E-4 0.0075 0.0075 6 240 5 0 500 1 0.25 1.1529215046068485E-5 2.305843009213697E-5 0.0025 2.0752587082923258E-5 false
27 32 6 5 3 0.005 1.0E-4 0.0075 0.0075 6 240 5 0 500 1 0.25 1.1529215046068485E-5 2.305843009213697E-5 0.0025 2.0752587082923258E-5 false
27 32 6 5 3 0.005 1.0E-4 0.0075 0.0075 6 240 5 0 500 1 0.25 1.1529215046068485E-5 2.305843009213697E-5 0.0025 2.0752587082923258E-5 false
27 32 6 5 3 0.005 1.0E-4 0.0075 0.0075 6 240 5 0 500 1 0.25 1.1529215046068485E-5 2.305843009213697E-5 0.0025 2.0752587082923258E-5 false
27 32 6 5 3 0.005 1.0E-4 0.0075 0.0075 6 240 5 0 500 1 0.25 1.1529215046068485E-5 2.305843009213697E-5 0.0025 2.0752587082923258E-5 false
27 32 6 5 3 0.005 1.0E-4 0.0075 0.0075 6 240 5 0 500 1 0.25 1.1529215046068485E-5 2.305843009213697E-5 0.0025 2.0752587082923258E-5 false
27 32 6 5 3 0.005 1.0E-4 0.0075 0.0075 6 240 5 0 500 1 0.25 1.1529215046068485E-5 2.305843009213697E-5 0.0025 2.0752587082923258E-5 false
27 32 6 5 3 0.005 1.0E-4 0.0075 0.0075 6 240 5 0 500 1 0.25 1.1529215046068485E-5 2.305843009213697E-5 0.0025 2.0752587082923258E-5 false
27 32 6 5 3 0.005 1.0E-4 0.0075 0.0075 6 240 5 0 500 1 0.25 1.1529215046068485E-5 2.305843009213697E-5 0.0025 2.0752587082923258E-5 false
27 32 6 5 3 0.005 1.0E-4 0.0075 0.0075 6 240 5 0 500 1 0.25 1.1529215046068485E-5 2.305843009213697E-5 0.0025 2.0752587082923258E-5 false
27 32 6 5 3 0.005 1.0E-4 0.0075 0.0075 6 240 5 0 500 1 0.25 1.1529215046068485E-5 2.305843009213697E-5 0.0025 2.0752587082923258E-5 false
27 32 6 5 3 0.005 1.0E-4 0.0075 0.0075 6 240 5 0 500 1 0.25 1.1529215046068485E-5 2.305843009213697E-5 0.0025 2.0752587082923258E-5 false
27 32 6 5 3 0.005 1.0E-4 0.0075 0.0075 6 240 5 0 500 1 0.25 1.1529215046068485E-5 2.305843009213697E-5 0.0025 2.0752587082923258E-5 false
27 32 6 5 3 0.005 1.0E-4 0.0075 0.0075 6 240 5 0 500 1 0.25 1.1529215046068485E-5 2.305843009213697E-5 0.0025 2.0752587082923258E-5 false
27 32 6 5 3 0.005 1.0E-4 0.0075 0.0075 6 240 5 0 500 1 0.25 1.1529215046068485E-5 2.305843009213697E-5 0.0025 2.0752587082923258E-5 false
27 32 6 5 3 0.005 1.0E-4 0.0075 0.0075 6 240 5 0 500 1 0.25 1.1529215046068485E-5 2.305843009213697E-5 0.0025 2.0752587082923258E-5 false
27 32 6 5 3 0.005 1.0E-4 0.0075 0.0075 6 240 5 0 500 1 0.25 1.1529215046068485E-5 2.305843009213697E-5 0.0025 2.0752587082923258E-5 false
27 32 6 5 3 0.005 1.0E-4 0.0075 0.0075 6 240 5 0 500 1 0.25 1.1529215046068485E-5 2.305843009213697E-5 0.0025 2.0752587082923258E-5 false
27 32 6 5 3 0.005 1.0E-4 0.0075 0.0075 6 240 5 0 500 1 0.25 1.1529215046068485E-5 2.305843009213697E-5 0.0025 2.0752587082923258E-5 false
27 32 6 5 3 0.005 1.0E-4 0.0075 0.0075 6 240 5 0 500 1 0.25 1.1529215046068485E-5 2.305843009213697E-5 0.0025 2.0752587082923258E-5 false
27 32 6 5 3 0.005 1.0E-4 0.0075 0.0075 6 240 5 0 500 1 0.25 1.1529215046068485E-5 2.305843009213697E-5 0.0025 2.0752587082923258E-5 false
27 32 6 5 3 0.005 1.0E-4 0.0075 0.0075 6 240 5 0 500 1 0.25 1.1529215046068485E-5 2.305843009213697E-5 0.0025 2.0752587082923258E-5 false
27 32 6 5 3 0.005 1.0E-4 0.0075 0.0075 6 240 5 0 500 1 0.25 1.1529215046068485E-5 2.305843009213697E-5 0.0025 2.0752587082923258E-5 false
27 32 6 5 3 0.005 1.0E-4 0.0075 0.0075 6 240 5 0 500 1 0.25 1.1529215046068485E-5 2.305843009213697E-5 0.0025 2.0752587082923258E-5 false
27 32 6 5 3 0.005 1.0E-4 0.0075 0.0075 6 240 5 0 500 1 0.25 1.1529215046068485E-5 2.305843009213697E-5 0.0025 2.0752587082923258E-5 false
27 32 6 5 3 0.005 1.0E-4 0.0075 0.0075 6 240 5 0 500 1 0.25 1.1529215046068485E-5 2.305843009213697E-5 0.0025 2.0752587082923258E-5 false
27 32 6 5 3 0.005 1.0E-4 0.0075 0.0075 6 240 5 0 500 1 0.25 1.1529215046068485E-5 2.305843009213697E-5 0.0025 2.0752587082923258E-5 false
27 32 6 5 3 0.005 1.0E-4 0.0075 0.0075 6 240 5 0 500 1 0.25 1.1529215046068485E-5 2.305843009213697E-5 0.0025 2.0752587082923258E-5 false
27 32 6 5 3 0.005 1.0E-4 0.0075 0.0075 6 240 5 0 500 1 0.25 1.1529215046068485E-5 2.305843009213697E-5 0.0025 2.0752587082923258E-5 false
27 32 6 5 3 0.005 1.0E-4 0.0075 0.0075 6 240 5 0 500 1 0.25 1.1529215046068485E-5 2.305843009213697E-5 0.0025 2.0752587082923258E-5 false
27 32 6 5 3 0.005 1.0E-4 0.0075 0.0075 6 240 5 0 500 1 0.25 1.1529215046068485E-5 2.305843009213697E-5 0.0025 2.0752587082923258E-5 false
27 32 6 5 3 0.005 1.0E-4 0.0075 0.0075 6 240 5 0 500 1 0.25 1.1529215046068485E-5 2.305843009213697E-5 0.0025 2.0752587082923258E-5 false
27 32 6 5 3 0.005 1.0E-4 0.0075 0.0075 6 240 5 0 500 1 0.25 1.1529215046068485E-5 2.305843009213697E-5 0.0025 2.0752587082923258E-5 false
27 32 6 5 3 0.005 1.0E-4 0.0075 0.0075 6 240 5 0 500 1 0.25 1.1529215046068485E-5 2.305843009213697E-5 0.0025 2.0752587082923258E-5 false
27 32 6 5 3 0.005 1.0E-4 0.0075 0.0075 6 240 5 0 500 1 0.25 1.1529215046068485E-5 2.305843009213697E-5 0.0025 2.0752587082923258E-5 false
27 32 6 5 3 0.005 1.0E-4 0.0075 0.0075 6 240 5 0 500 1 0.25 1.1529215046068485E-5 2.305843009213697E-5 0.0025 2.0752587082923258E-5 false
27 32 6 5 3 0.005 1.0E-4 0.0075 0.0075 6 240 5 0 500 1 0.25 1.1529215046068485E-5 2.305843009213697E-5 0.0025 2.0752587082923258E-5 false
27 32 6 5 3 0.005 1.0E-4 0.0075 0.0075 6 240 5 0 500 1 0.25 1.1529215046068485E-5 2.305843009213697E-5 0.0025 2.0752587082923258E-5 false
27 32 6 5 3 0.005 1.0E-4 0.0075 0.0075 6 240 5 0 500 1 0.25 1.1529215046068485E-5 2.305843009213697E-5 0.0025 2.0752587082923258E-5 false
27 32 6 5 3 0.005 1.0E-4 0.0075 0.0075 6 240 5 0 500 1 0.25 1.1529215046068485E-5 2.305843009213697E-5 0.0025 2.0752587082923258E-5 false
27 32 6 5 3 0.005 1.0E-4 0.0075 0.0075 6 240 5 0 500 1 0.25 1.1529215046068485E-5 2.305843009213697E-5 0.0025 2.0752587082923258E-5 false
27 32 6 5 3 0.005 1.0E-4 0.0075 0.0075 6 240 5 0 500 1 0.25 1.1529215046068485E-5 2.305843009213697E-5 0.0025 2.0752587082923258E-5 false
27 32 6 5 3 0.005 1.0E-4 0.0075 0.0075 6 240 5 0 500 1 0.25 1.1529215046068485E-5 2.305843009213697E-5 0.0025 2.0752587082923258E-5 false
27 32 6 5 3 0.005 1.0E-4 0.0075 0.0075 6 240 5 0 500 1 0.25 1.1529215046068485E-5 2.305843009213697E-5 0.0025 2.0752587082923258E-5 false
27 32 6 5 3 0.005 1.0E-4 0.0075 0.0075 6 240 5 0 500 1 0.25 1.1529215046068485E-5 2.305843009213697E-5 0.0025 2.0752587082923258E-5 false
27 32 6 5 3 0.005 1.0E-4 0.0075 0.0075 6 240 5 0 500 1 0.25 1.1529215046068485E-5 2.305843009213697E-5 0.0025 2.0752587082923258E-5 false
27 32 6 5 3 0.005 1.0E-4 0.0075 0.0075 6 240 5 0 500 1 0.25 1.1529215046068485E-5 2.305843009213697E-5 0.0025 2.0752587082923258E-5 false
27 32 6 5 3 0.005 1.0E-4 0.0075 0.0075 6 240 5 0 500 1 0.25 1.1529215046068485E-5 2.305843009213697E-5 0.0025 2.0752587082923258E-5 false
27 32 6 5 3 0.005 1.0E-4 0.0075 0.0075 6 240 5 0 500 1 0.25 1.1529215046068485E-5 2.305843009213697E-5 0.0025 2.0752587082923258E-5 false
2500 32 667 5 3 0.005 1.0E-4 0.0075 0.0075 6 240 5 3 500 1 0.25 0.001 0.002 0.016818749873314026 0.0018 false
2500 32 667 5 3 0.005 1.0E-4 0.0075 0.0075 6 240 5 3 500 1 0.25 0.001 0.002 0.016818749873314026 0.0018 false
2500 32 667 5 3 0.005 1.0E-4 0.0075 0.0075 6 240 5 3 500 1 0.25 0.001 0.002 0.016818749873314026 0.0018 false
2500 32 667 5 3 0.005 1.0E-4 0.0075 0.0075 6 240 5 3 500 1 0.25 0.001 0.002 0.016818749873314026 0.0018 false
2500 32 667 5 3 0.005 1.0E-4 0.0075 0.0075 6 240 5 3 500 1 0.25 0.001 0.002 0.016818749873314026 0.0018 false
2500 32 667 5 3 0.005 1.0E-4 0.0075 0.0075 6 240 5 3 500 1 0.25 0.001 0.002 0.016818749873314026 0.0018 false
2500 32 667 5 3 0.005 1.0E-4 0.0075 0.0075 6 240 5 3 500 1 0.25 0.001 0.002 0.016818749873314026 0.0018 false
2500 32 667 5 3 0.005 1.0E-4 0.0075 0.0075 6 240 5 3 500 1 0.25 0.001 0.002 0.016818749873314026 0.0018 false
2500 32 667 5 3 0.005 1.0E-4 0.0075 0.0075 6 240 5 3 500 1 0.25 0.001 0.002 0.016818749873314026 0.0018 false
2500 32 667 5 3 0.005 1.0E-4 0.0075 0.0075 6 240 5 3 500 1 0.25 0.001 0.002 0.016818749873314026 0.0018 false
2500 32 667 5 3 0.005 1.0E-4 0.0075 0.0075 6 240 5 3 500 1 0.25 0.001 0.002 0.016818749873314026 0.0018 false
2500 32 667 5 3 0.005 1.0E-4 0.0075 0.0075 6 240 5 3 500 1 0.25 0.001 0.002 0.016818749873314026 0.0018 false
2500 32 667 5 3 0.005 1.0E-4 0.0075 0.0075 6 240 5 3 500 1 0.25 0.001 0.002 0.016818749873314026 0.0018 false
2500 32 667 5 3 0.005 1.0E-4 0.0075 0.0075 6 240 5 3 500 1 0.25 0.001 0.002 0.016818749873314026 0.0018 false
2500 32 667 5 3 0.005 1.0E-4 0.0075 0.0075 6 240 5 3 500 1 0.25 0.001 0.002 0.016818749873314026 0.0018 false
2500 32 667 5 3 0.005 1.0E-4 0.0075 0.0075 6 240 5 3 500 1 0.25 0.001 0.002 0.016818749873314026 0.0018 false
2500 32 667 5 3 0.005 1.0E-4 0.0075 0.0075 6 240 5 3 500 1 0.25 0.001 0.002 0.016818749873314026 0.0018 false
2500 32 667 5 3 0.005 1.0E-4 0.0075 0.0075 6 240 5 3 500 1 0.25 0.001 0.002 0.016818749873314026 0.0018 false
2500 32 667 5 3 0.005 1.0E-4 0.0075 0.0075 6 240 5 3 500 1 0.25 0.001 0.002 0.016818749873314026 0.0018 false
2500 32 667 5 3 0.005 1.0E-4 0.0075 0.0075 6 240 5 3 500 1 0.25 0.001 0.002 0.016818749873314026 0.0018 false
2500 32 667 5 3 0.005 1.0E-4 0.0075 0.0075 6 240 5 3 500 1 0.25 0.001 0.002 0.016818749873314026 0.0018 false
2500 32 667 5 3 0.005 1.0E-4 0.0075 0.0075 6 240 5 3 500 1 0.25 0.001 0.002 0.016818749873314026 0.0018 false
2500 32 667 5 3 0.005 1.0E-4 0.0075 0.0075 6 240 5 3 500 1 0.25 0.001 0.002 0.016818749873314026 0.0018 false
2500 32 667 5 3 0.005 1.0E-4 0.0075 0.0075 6 240 5 3 500 1 0.25 0.001 0.002 0.016818749873314026 0.0018 false
2500 32 667 5 3 0.005 1.0E-4 0.0075 0.0075 6 240 5 3 500 1 0.25 0.001 0.002 0.016818749873314026 0.0018 false
2500 32 667 5 3 0.005 1.0E-4 0.0075 0.0075 6 240 5 3 500 1 0.25 0.001 0.002 0.016818749873314026 0.0018 false
2500 32 667 5 3 0.005 1.0E-4 0.0075 0.0075 6 240 5 3 500 1 0.25 0.001 0.002 0.016818749873314026 0.0018 false
2500 32 667 5 3 0.005 1.0E-4 0.0075 0.0075 6 240 5 3 500 1 0.25 0.001 0.002 0.016818749873314026 0.0018 false
2500 32 667 5 3 0.005 1.0E-4 0.0075 0.0075 6 240 5 3 500 1 0.25 0.001 0.002 0.016818749873314026 0.0018 false
2500 32 667 5 3 0.005 1.0E-4 0.0075 0.0075 6 240 5 3 500 1 0.25 0.001 0.002 0.016818749873314026 0.0018 false
2500 32 667 5 3 0.005 1.0E-4 0.0075 0.0075 6 240 5 3 500 1 0.25 0.001 0.002 0.016818749873314026 0.0018 false
2500 32 667 5 3 0.005 1.0E-4 0.0075 0.0075 6 240 5 3 500 1 0.25 0.001 0.002 0.016818749873314026 0.0018 false
2500 32 667 5 3 0.005 1.0E-4 0.0075 0.0075 6 240 5 3 500 1 0.25 0.001 0.002 0.016818749873314026 0.0018 false
2500 32 667 5 3 0.005 1.0E-4 0.0075 0.0075 6 240 5 3 500 1 0.25 0.001 0.002 0.016818749873314026 0.0018 false
2500 32 667 5 3 0.005 1.0E-4 0.0075 0.0075 6 240 5 3 500 1 0.25 0.001 0.002 0.016818749873314026 0.0018 false
2500 32 667 5 3 0.005 1.0E-4 0.0075 0.0075 6 240 5 3 500 1 0.25 0.001 0.002 0.016818749873314026 0.0018 false
2500 32 667 5 3 0.005 1.0E-4 0.0075 0.0075 6 240 5 3 500 1 0.25 0.001 0.002 0.016818749873314026 0.0018 false
2500 32 667 5 3 0.005 1.0E-4 0.0075 0.0075 6 240 5 3 500 1 0.25 0.001 0.002 0.016818749873314026 0.0018 false
2500 32 667 5 3 0.005 1.0E-4 0.0075 0.0075 6 240 5 3 500 1 0.25 0.001 0.002 0.016818749873314026 0.0018 false
2500 32 667 5 3 0.005 1.0E-4 0.0075 0.0075 6 240 5 3 500 1 0.25 0.001 0.002 0.016818749873314026 0.0018 false
2500 32 667 5 3 0.005 1.0E-4 0.0075 0.0075 6 240 5 3 500 1 0.25 0.001 0.002 0.016818749873314026 0.0018 false
2500 32 667 5 3 0.005 1.0E-4 0.0075 0.0075 6 240 5 3 500 1 0.25 0.001 0.002 0.016818749873314026 0.0018 false
2500 32 667 5 3 0.005 1.0E-4 0.0075 0.0075 6 240 5 3 500 1 0.25 0.001 0.002 0.016818749873314026 0.0018 false
2500 32 667 5 3 0.005 1.0E-4 0.0075 0.0075 6 240 5 3 500 1 0.25 0.001 0.002 0.016818749873314026 0.0018 false
2500 32 667 5 3 0.005 1.0E-4 0.0075 0.0075 6 240 5 3 500 1 0.25 0.001 0.002 0.016818749873314026 0.0018 false
2500 32 667 5 3 0.005 1.0E-4 0.0075 0.0075 6 240 5 3 500 1 0.25 0.001 0.002 0.016818749873314026 0.0018 false
2500 32 667 5 3 0.005 1.0E-4 0.0075 0.0075 6 240 5 3 500 1 0.25 0.001 0.002 0.016818749873314026 0.0018 false
2500 32 667 5 3 0.005 1.0E-4 0.0075 0.0075 6 240 5 3 500 1 0.25 0.001 0.002 0.016818749873314026 0.0018 false
2500 32 667 5 3 0.005 1.0E-4 0.0075 0.0075 6 240 5 3 500 1 0.25 0.001 0.002 0.016818749873314026 0.0018 false
2500 32 667 5 3 0.005 1.0E-4 0.0075 0.0075 6 240 5 3 500 1 0.25 0.001 0.002 0.016818749873314026 0.0018 false
27 32 6 5 3 0.005 1.0E-4 0.0075 0.0075 6 240 5 0 500 1 0.25 1.1529215046068485E-5 2.305843009213697E-5 0.0025 2.0752587082923258E-5 false
27 32 6 5 3 0.005 1.0E-4 0.0075 0.0075 6 240 5 0 500 1 0.25 1.1529215046068485E-5 2.305843009213697E-5 0.0025 2.0752587082923258E-5 false
27 32 6 5 3 0.005 1.0E-4 0.0075 0.0075 6 240 5 0 500 1 0.25 1.1529215046068485E-5 2.305843009213697E-5 0.0025 2.0752587082923258E-5 false
27 32 6 5 3 0.005 1.0E-4 0.0075 0.0075 6 240 5 0 500 1 0.25 1.1529215046068485E-5 2.305843009213697E-5 0.0025 2.0752587082923258E-5 false
27 32 6 5 3 0.005 1.0E-4 0.0075 0.0075 6 240 5 0 500 1 0.25 1.1529215046068485E-5 2.305843009213697E-5 0.0025 2.0752587082923258E-5 false
27 32 6 5 3 0.005 1.0E-4 0.0075 0.0075 6 240 5 0 500 1 0.25 1.1529215046068485E-5 2.305843009213697E-5 0.0025 2.0752587082923258E-5 false
27 32 6 5 3 0.005 1.0E-4 0.0075 0.0075 6 240 5 0 500 1 0.25 1.1529215046068485E-5 2.305843009213697E-5 0.0025 2.0752587082923258E-5 false
27 32 6 5 3 0.005 1.0E-4 0.0075 0.0075 6 240 5 0 500 1 0.25 1.1529215046068485E-5 2.305843009213697E-5 0.0025 2.0752587082923258E-5 false
27 32 6 5 3 0.005 1.0E-4 0.0075 0.0075 6 240 5 0 500 1 0.25 1.1529215046068485E-5 2.305843009213697E-5 0.0025 2.0752587082923258E-5 false
27 32 6 5 3 0.005 1.0E-4 0.0075 0.0075 6 240 5 0 500 1 0.25 1.1529215046068485E-5 2.305843009213697E-5 0.0025 2.0752587082923258E-5 false
27 32 6 5 3 0.005 1.0E-4 0.0075 0.0075 6 240 5 0 500 1 0.25 1.1529215046068485E-5 2.305843009213697E-5 0.0025 2.0752587082923258E-5 false
27 32 6 5 3 0.005 1.0E-4 0.0075 0.0075 6 240 5 0 500 1 0.25 1.1529215046068485E-5 2.305843009213697E-5 0.0025 2.0752587082923258E-5 false
27 32 6 5 3 0.005 1.0E-4 0.0075 0.0075 6 240 5 0 500 1 0.25 1.1529215046068485E-5 2.305843009213697E-5 0.0025 2.0752587082923258E-5 false
27 32 6 5 3 0.005 1.0E-4 0.0075 0.0075 6 240 5 0 500 1 0.25 1.1529215046068485E-5 2.305843009213697E-5 0.0025 2.0752587082923258E-5 false
27 32 6 5 3 0.005 1.0E-4 0.0075 0.0075 6 240 5 0 500 1 0.25 1.1529215046068485E-5 2.305843009213697E-5 0.0025 2.0752587082923258E-5 false
27 32 6 5 3 0.005 1.0E-4 0.0075 0.0075 6 240 5 0 500 1 0.25 1.1529215046068485E-5 2.305843009213697E-5 0.0025 2.0752587082923258E-5 false
27 32 6 5 3 0.005 1.0E-4 0.0075 0.0075 6 240 5 0 500 1 0.25 1.1529215046068485E-5 2.305843009213697E-5 0.0025 2.0752587082923258E-5 false
27 32 6 5 3 0.005 1.0E-4 0.0075 0.0075 6 240 5 0 500 1 0.25 1.1529215046068485E-5 2.305843009213697E-5 0.0025 2.0752587082923258E-5 false
27 32 6 5 3 0.005 1.0E-4 0.0075 0.0075 6 240 5 0 500 1 0.25 1.1529215046068485E-5 2.305843009213697E-5 0.0025 2.0752587082923258E-5 false
27 32 6 5 3 0.005 1.0E-4 0.0075 0.0075 6 240 5 0 500 1 0.25 1.1529215046068485E-5 2.305843009213697E-5 0.0025 2.0752587082923258E-5 false
27 32 6 5 3 0.005 1.0E-4 0.0075 0.0075 6 240 5 0 500 1 0.25 1.1529215046068485E-5 2.305843009213697E-5 0.0025 2.0752587082923258E-5 false
27 32 6 5 3 0.005 1.0E-4 0.0075 0.0075 6 240 5 0 500 1 0.25 1.1529215046068485E-5 2.305843009213697E-5 0.0025 2.0752587082923258E-5 false
27 32 6 5 3 0.005 1.0E-4 0.0075 0.0075 6 240 5 0 500 1 0.25 1.1529215046068485E-5 2.305843009213697E-5 0.0025 2.0752587082923258E-5 false
27 32 6 5 3 0.005 1.0E-4 0.0075 0.0075 6 240 5 0 500 1 0.25 1.1529215046068485E-5 2.305843009213697E-5 0.0025 2.0752587082923258E-5 false
27 32 6 5 3 0.005 1.0E-4 0.0075 0.0075 6 240 5 0 500 1 0.25 1.1529215046068485E-5 2.305843009213697E-5 0.0025 2.0752587082923258E-5 false
27 32 6 5 3 0.005 1.0E-4 0.0075 0.0075 6 240 5 3 500 1 0.25 1.1529215046068485E-5 2.305843009213697E-5 0.0025 0.0018 false
27 32 6 5 3 0.005 1.0E-4 0.0075 0.0075 6 240 5 3 500 1 0.25 1.1529215046068485E-5 2.305843009213697E-5 0.0025 0.0018 false
27 32 6 5 3 0.005 1.0E-4 0.0075 0.0075 6 240 5 3 500 1 0.25 1.1529215046068485E-5 2.305843009213697E-5 0.0025 0.0018 false
27 32 6 5 3 0.005 1.0E-4 0.0075 0.0075 6 240 5 3 500 1 0.25 1.1529215046068485E-5 2.305843009213697E-5 0.0025 0.0018 false
27 32 6 5 3 0.005 1.0E-4 0.0075 0.0075 6 240 5 3 500 1 0.25 1.1529215046068485E-5 2.305843009213697E-5 0.0025 0.0018 false
27 32 6 5 3 0.005 1.0E-4 0.0075 0.0075 6 240 5 3 500 1 0.25 1.1529215046068485E-5 2.305843009213697E-5 0.0025 0.0018 false
27 32 6 5 3 0.005 1.0E-4 0.0075 0.0075 6 240 5 3 500 1 0.25 1.1529215046068485E-5 2.305843009213697E-5 0.0025 0.0018 false
27 32 6 5 3 0.005 1.0E-4 0.0075 0.0075 6 240 5 3 500 1 0.25 1.1529215046068485E-5 2.305843009213697E-5 0.0025 0.0018 false
27 32 6 5 3 0.005 1.0E-4 0.0075 0.0075 6 240 5 3 500 1 0.25 1.1529215046068485E-5 2.305843009213697E-5 0.0025 0.0018 false
27 32 6 5 3 0.005 1.0E-4 0.0075 0.0075 6 240 5 3 500 1 0.25 1.1529215046068485E-5 2.305843009213697E-5 0.0025 0.0018 false
27 32 6 5 3 0.005 1.0E-4 0.0075 0.0075 6 240 5 3 500 1 0.25 1.1529215046068485E-5 2.305843009213697E-5 0.0025 0.0018 false
27 32 6 5 3 0.005 1.0E-4 0.0075 0.0075 6 240 5 3 500 1 0.25 1.1529215046068485E-5 2.305843009213697E-5 0.0025 0.0018 false
27 32 6 5 3 0.005 1.0E-4 0.0075 0.0075 6 240 5 3 500 1 0.25 1.1529215046068485E-5 2.305843009213697E-5 0.0025 0.0018 false
27 32 6 5 3 0.005 1.0E-4 0.0075 0.0075 6 240 5 3 500 1 0.25 1.1529215046068485E-5 2.305843009213697E-5 0.0025 0.0018 false
27 32 6 5 3 0.005 1.0E-4 0.0075 0.0075 6 240 5 3 500 1 0.25 1.1529215046068485E-5 2.305843009213697E-5 0.0025 0.0018 false
27 32 6 5 3 0.005 1.0E-4 0.0075 0.0075 6 240 5 3 500 1 0.25 1.1529215046068485E-5 2.305843009213697E-5 0.0025 0.0018 false
27 32 6 5 3 0.005 1.0E-4 0.0075 0.0075 6 240 5 3 500 1 0.25 1.1529215046068485E-5 2.305843009213697E-5 0.0025 0.0018 false
27 32 6 5 3 0.005 1.0E-4 0.0075 0.0075 6 240 5 3 500 1 0.25 1.1529215046068485E-5 2.305843009213697E-5 0.0025 0.0018 false
27 32 6 5 3 0.005 1.0E-4 0.0075 0.0075 6 240 5 3 500 1 0.25 1.1529215046068485E-5 2.305843009213697E-5 0.0025 0.0018 false
27 32 6 5 3 0.005 1.0E-4 0.0075 0.0075 6 240 5 3 500 1 0.25 1.1529215046068485E-5 2.305843009213697E-5 0.0025 0.0018 false
27 32 6 5 3 0.005 1.0E-4 0.0075 0.0075 6 240 5 3 500 1 0.25 1.1529215046068485E-5 2.305843009213697E-5 0.0025 0.0018 false
27 32 6 5 3 0.005 1.0E-4 0.0075 0.0075 6 240 5 3 500 1 0.25 1.1529215046068485E-5 2.305843009213697E-5 0.0025 0.0018 false
27 32 6 5 3 0.005 1.0E-4 0.0075 0.0075 6 240 5 3 500 1 0.25 1.1529215046068485E-5 2.305843009213697E-5 0.0025 0.0018 false
27 32 6 5 3 0.005 1.0E-4 0.0075 0.0075 6 240 5 3 500 1 0.25 1.1529215046068485E-5 2.305843009213697E-5 0.0025 0.0018 false
27 32 6 5 3 0.005 1.0E-4 0.0075 0.0075 6 240 5 3 500 1 0.25 1.1529215046068485E-5 2.305843009213697E-5 0.0025 0.0018 false
2500 32 667 5 3 0.005 0.33252567300796504 0.0075 0.0075 6 240 5 3 500 1 0.25 0.001 0.002 0.016818749873314026 0.06900767986405451 false
2500 32 667 5 3 0.005 0.33252567300796504 0.0075 0.0075 6 240 5 3 500 1 0.25 0.001 0.002 0.016818749873314026 0.06900767986405451 false
2500 32 667 5 3 0.005 0.33252567300796504 0.0075 0.0075 6 240 5 3 500 1 0.25 0.001 0.002 0.016818749873314026 0.06900767986405451 false
2500 32 667 5 3 0.005 0.33252567300796504 0.0075 0.0075 6 240 5 3 500 1 0.25 0.001 0.002 0.016818749873314026 0.06900767986405451 false
2500 32 667 5 3 0.005 0.33252567300796504 0.0075 0.0075 6 240 5 3 500 1 0.25 0.001 0.002 0.016818749873314026 0.06900767986405451 false
2500 32 667 5 3 0.005 0.33252567300796504 0.0075 0.0075 6 240 5 3 500 1 0.25 0.001 0.002 0.016818749873314026 0.06900767986405451 false
2500 32 667 5 3 0.005 0.33252567300796504 0.0075 0.0075 6 240 5 3 500 1 0.25 0.001 0.002 0.016818749873314026 0.06900767986405451 false
2500 32 667 5 3 0.005 0.33252567300796504 0.0075 0.0075 6 240 5 3 500 1 0.25 0.001 0.002 0.016818749873314026 0.06900767986405451 false
2500 32 667 5 3 0.005 0.33252567300796504 0.0075 0.0075 6 240 5 3 500 1 0.25 0.001 0.002 0.016818749873314026 0.06900767986405451 false
2500 32 667 5 3 0.005 0.33252567300796504 0.0075 0.0075 6 240 5 3 500 1 0.25 0.001 0.002 0.016818749873314026 0.06900767986405451 false
2500 32 667 5 3 0.005 0.33252567300796504 0.0075 0.0075 6 240 5 3 500 1 0.25 0.001 0.002 0.016818749873314026 0.06900767986405451 false
2500 32 667 5 3 0.005 0.33252567300796504 0.0075 0.0075 6 240 5 3 500 1 0.25 0.001 0.002 0.016818749873314026 0.06900767986405451 false
2500 32 667 5 3 0.005 0.33252567300796504 0.0075 0.0075 6 240 5 3 500 1 0.25 0.001 0.002 0.016818749873314026 0.06900767986405451 false
2500 32 667 5 3 0.005 0.33252567300796504 0.0075 0.0075 6 240 5 3 500 1 0.25 0.001 0.002 0.016818749873314026 0.06900767986405451 false
2500 32 667 5 3 0.005 0.33252567300796504 0.0075 0.0075 6 240 5 3 500 1 0.25 0.001 0.002 0.016818749873314026 0.06900767986405451 false
2500 32 667 5 3 0.005 0.33252567300796504 0.0075 0.0075 6 240 5 3 500 1 0.25 0.001 0.002 0.016818749873314026 0.06900767986405451 false
2500 32 667 5 3 0.005 0.33252567300796504 0.0075 0.0075 6 240 5 3 500 1 0.25 0.001 0.002 0.016818749873314026 0.06900767986405451 false
2500 32 667 5 3 0.005 0.33252567300796504 0.0075 0.0075 6 240 5 3 500 1 0.25 0.001 0.002 0.016818749873314026 0.06900767986405451 false
2500 32 667 5 3 0.005 0.33252567300796504 0.0075 0.0075 6 240 5 3 500 1 0.25 0.001 0.002 0.016818749873314026 0.06900767986405451 false
2500 32 667 5 3 0.005 0.33252567300796504 0.0075 0.0075 6 240 5 3 500 1 0.25 0.001 0.002 0.016818749873314026 0.06900767986405451 false
2500 32 667 5 3 0.005 0.33252567300796504 0.0075 0.0075 6 240 5 3 500 1 0.25 0.001 0.002 0.016818749873314026 0.06900767986405451 false
2500 32 667 5 3 0.005 0.33252567300796504 0.0075 0.0075 6 240 5 3 500 1 0.25 0.001 0.002 0.016818749873314026 0.06900767986405451 false
2500 32 667 5 3 0.005 0.33252567300796504 0.0075 0.0075 6 240 5 3 500 1 0.25 0.001 0.002 0.016818749873314026 0.06900767986405451 false
2500 32 667 5 3 0.005 0.33252567300796504 0.0075 0.0075 6 240 5 3 500 1 0.25 0.001 0.002 0.016818749873314026 0.06900767986405451 false
2500 32 667 5 3 0.005 0.33252567300796504 0.0075 0.0075 6 240 5 3 500 1 0.25 0.001 0.002 0.016818749873314026 0.06900767986405451 false
474943 32 126609 5 3 5.764607523034242E-5 104.8576 0.0075 0.0075 151 240 5 3145728 500 1 0.25 0.19004963774880815 0.3800992754976163 0.09584399981118683 1887.4368 false
474943 32 126609 5 3 5.764607523034242E-5 104.8576 0.0075 0.0075 151 240 5 3145728 500 1 0.25 0.19004963774880815 0.3800992754976163 0.09584399981118683 1887.4368 false
474943 32 126609 5 3 5.764607523034242E-5 104.8576 0.0075 0.0075 151 240 5 3145728 500 1 0.25 0.19004963774880815 0.3800992754976163 0.09584399981118683 1887.4368 false
474943 32 126609 5 3 5.764607523034242E-5 104.8576 0.0075 0.0075 151 240 5 3145728 500 1 0.25 0.19004963774880815 0.3800992754976163 0.09584399981118683 1887.4368 false
474943 32 126609 5 3 5.764607523034242E-5 104.8576 0.0075 0.0075 151 240 5 3145728 500 1 0.25 0.19004963774880815 0.3800992754976163 0.09584399981118683 1887.4368 false
474943 32 126609 5 3 5.764607523034242E-5 104.8576 0.0075 0.0075 151 240 5 3145728 500 1 0.25 0.19004963774880815 0.3800992754976163 0.09584399981118683 1887.4368 false
474943 32 126609 5 3 5.764607523034242E-5 104.8576 0.0075 0.0075 151 240 5 3145728 500 1 0.25 0.19004963774880815 0.3800992754976163 0.09584399981118683 1887.4368 false
474943 32 126609 5 3 5.764607523034242E-5 104.8576 0.0075 0.0075 151 240 5 3145728 500 1 0.25 0.19004963774880815 0.3800992754976163 0.09584399981118683 1887.4368 false
474943 32 126609 5 3 5.764607523034242E-5 104.8576 0.0075 0.0075 151 240 5 3145728 500 1 0.25 0.19004963774880815 0.3800992754976163 0.09584399981118683 1887.4368 false
474943 32 126609 5 3 5.764607523034242E-5 104.8576 0.0075 0.0075 151 240 5 3145728 500 1 0.25 0.19004963774880815 0.3800992754976163 0.09584399981118683 1887.4368 false
474943 32 126609 5 3 5.764607523034242E-5 104.8576 0.0075 0.0075 151 240 5 3145728 500 1 0.25 0.19004963774880815 0.3800992754976163 0.09584399981118683 1887.4368 false
474943 32 126609 5 3 5.764607523034242E-5 104.8576 0.0075 0.0075 151 240 5 3145728 500 1 0.25 0.19004963774880815 0.3800992754976163 0.09584399981118683 1887.4368 false
474943 32 126609 5 3 5.764607523034242E-5 104.8576 0.0075 0.0075 151 240 5 3145728 500 1 0.25 0.19004963774880815 0.3800992754976163 0.09584399981118683 1887.4368 false
474943 32 126609 5 3 5.764607523034242E-5 104.8576 0.0075 0.0075 151 240 5 3145728 500 1 0.25 0.19004963774880815 0.3800992754976163 0.09584399981118683 1887.4368 false
474943 32 126609 5 3 5.764607523034242E-5 104.8576 0.0075 0.0075 151 240 5 3145728 500 1 0.25 0.19004963774880815 0.3800992754976163 0.09584399981118683 1887.4368 false
474943 32 126609 5 3 5.764607523034242E-5 104.8576 0.0075 0.0075 151 240 5 3145728 500 1 0.25 0.19004963774880815 0.3800992754976163 0.09584399981118683 1887.4368 false
474943 32 126609 5 3 5.764607523034242E-5 104.8576 0.0075 0.0075 151 240 5 3145728 500 1 0.25 0.19004963774880815 0.3800992754976163 0.09584399981118683 1887.4368 false
474943 32 126609 5 3 5.764607523034242E-5 104.8576 0.0075 0.0075 151 240 5 3145728 500 1 0.25 0.19004963774880815 0.3800992754976163 0.09584399981118683 1887.4368 false
474943 32 126609 5 3 5.764607523034242E-5 104.8576 0.0075 0.0075 151 240 5 3145728 500 1 0.25 0.19004963774880815 0.3800992754976163 0.09584399981118683 1887.4368 false
474943 32 126609 5 3 5.764607523034242E-5 104.8576 0.0075 0.0075 151 240 5 3145728 500 1 0.25 0.19004963774880815 0.3800992754976163 0.09584399981118683 1887.4368 false
474943 32 126609 5 3 5.764607523034242E-5 104.8576 0.0075 0.0075 151 240 5 3145728 500 1 0.25 0.19004963774880815 0.3800992754976163 0.09584399981118683 1887.4368 false
474943 32 126609 5 3 5.764607523034242E-5 104.8576 0.0075 0.0075 151 240 5 3145728 500 1 0.25 0.19004963774880815 0.3800992754976163 0.09584399981118683 1887.4368 false
474943 32 126609 5 3 5.764607523034242E-5 104.8576 0.0075 0.0075 151 240 5 3145728 500 1 0.25 0.19004963774880815 0.3800992754976163 0.09584399981118683 1887.4368 false
474943 32 126609 5 3 5.764607523034242E-5 104.8576 0.0075 0.0075 151 240 5 3145728 500 1 0.25 0.19004963774880815 0.3800992754976163 0.09584399981118683 1887.4368 false
474943 32 126609 5 3 5.764607523034242E-5 104.8576 0.0075 0.0075 151 240 5 3145728 500 1 0.25 0.19004963774880815 0.3800992754976163 0.09584399981118683 1887.4368 false
95811 32 25516 5 3 1.7433922005000006E7 12.748236216396087 0.0075 0.0075 151 240 5 8092 500 1 0.25 0.03833759992447472 0.07667519984894944 0.09584399981118683 5.98546211414337 false
95811 32 25516 5 3 1.7433922005000006E7 12.748236216396087 0.0075 0.0075 151 240 5 8092 500 1 0.25 0.03833759992447472 0.07667519984894944 0.09584399981118683 5.98546211414337 false
95811 32 25516 5 3 1.7433922005000006E7 12.748236216396087 0.0075 0.0075 151 240 5 8092 500 1 0.25 0.03833759992447472 0.07667519984894944 0.09584399981118683 5.98546211414337 false
95811 32 25516 5 3 1.7433922005000006E7 12.748236216396087 0.0075 0.0075 151 240 5 8092 500 1 0.25 0.03833759992447472 0.07667519984894944 0.09584399981118683 5.98546211414337 false
95811 32 25516 5 3 1.7433922005000006E7 12.748236216396087 0.0075 0.0075 151 240 5 8092 500 1 0.25 0.03833759992447472 0.07667519984894944 0.09584399981118683 5.98546211414337 false
95811 32 25516 5 3 1.7433922005000006E7 12.748236216396087 0.0075 0.0075 151 240 5 8092 500 1 0.25 0.03833759992447472 0.07667519984894944 0.09584399981118683 5.98546211414337 false
95811 32 25516 5 3 1.7433922005000006E7 12.748236216396087 0.0075 0.0075 151 240 5 8092 500 1 0.25 0.03833759992447472 0.07667519984894944 0.09584399981118683 5.98546211414337 false
95811 32 25516 5 3 1.7433922005000006E7 12.748236216396087 0.0075 0.0075 151 240 5 8092 500 1 0.25 0.03833759992447472 0.07667519984894944 0.09584399981118683 5.98546211414337 false
95811 32 25516 5 3 1.7433922005000006E7 12.748236216396087 0.0075 0.0075 151 240 5 8092 500 1 0.25 0.03833759992447472 0.07667519984894944 0.09584399981118683 5.98546211414337 false
95811 32 25516 5 3 1.7433922005000006E7 12.748236216396087 0.0075 0.0075 151 240 5 8092 500 1 0.25 0.03833759992447472 0.07667519984894944 0.09584399981118683 5.98546211414337 false
95811 32 25516 5 3 1.7433922005000006E7 12.748236216396087 0.0075 0.0075 151 240 5 8092 500 1 0.25 0.03833759992447472 0.07667519984894944 0.09584399981118683 5.98546211414337 false
95811 32 25516 5 3 1.7433922005000006E7 12.748236216396087 0.0075 0.0075 151 240 5 8092 500 1 0.25 0.03833759992447472 0.07667519984894944 0.09584399981118683 5.98546211414337 false
95811 32 25516 5 3 1.7433922005000006E7 12.748236216396087 0.0075 0.0075 151 240 5 8092 500 1 0.25 0.03833759992447472 0.07667519984894944 0.09584399981118683 5.98546211414337 false
95811 32 25516 5 3 1.7433922005000006E7 12.748236216396087 0.0075 0.0075 151 240 5 8092 500 1 0.25 0.03833759992447472 0.07667519984894944 0.09584399981118683 5.98546211414337 false
95811 32 25516 5 3 1.7433922005000006E7 12.748236216396087 0.0075 0.0075 151 240 5 8092 500 1 0.25 0.03833759992447472 0.07667519984894944 0.09584399981118683 5.98546211414337 false
95811 32 25516 5 3 1.7433922005000006E7 12.748236216396087 0.0075 0.0075 151 240 5 8092 500 1 0.25 0.03833759992447472 0.07667519984894944 0.09584399981118683 5.98546211414337 false
95811 32 25516 5 3 1.7433922005000006E7 12.748236216396087 0.0075 0.0075 151 240 5 8092 500 1 0.25 0.03833759992447472 0.07667519984894944 0.09584399981118683 5.98546211414337 false
95811 32 25516 5 3 1.7433922005000006E7 12.748236216396087 0.0075 0.0075 151 240 5 8092 500 1 0.25 0.03833759992447472 0.07667519984894944 0.09584399981118683 5.98546211414337 false
95811 32 25516 5 3 1.7433922005000006E7 12.748236216396087 0.0075 0.0075 151 240 5 8092 500 1 0.25 0.03833759992447472 0.07667519984894944 0.09584399981118683 5.98546211414337 false
95811 32 25516 5 3 1.7433922005000006E7 12.748236216396087 0.0075 0.0075 151 240 5 8092 500 1 0.25 0.03833759992447472 0.07667519984894944 0.09584399981118683 5.98546211414337 false
95811 32 25516 5 3 1.7433922005000006E7 12.748236216396087 0.0075 0.0075 151 240 5 8092 500 1 0.25 0.03833759992447472 0.07667519984894944 0.09584399981118683 5.98546211414337 false
95811 32 25516 5 3 1.7433922005000006E7 12.748236216396087 0.0075 0.0075 151 240 5 8092 500 1 0.25 0.03833759992447472 0.07667519984894944 0.09584399981118683 5.98546211414337 false
95811 32 25516 5 3 1.7433922005000006E7 12.748236216396087 0.0075 0.0075 151 240 5 8092 500 1 0.25 0.03833759992447472 0.07667519984894944 0.09584399981118683 5.98546211414337 false
95811 32 25516 5 3 1.7433922005000006E7 12.748236216396087 0.0075 0.0075 151 240 5 8092 500 1 0.25 0.03833759992447472 0.07667519984894944 0.09584399981118683 5.98546211414337 false
95811 32 25516 5 3 1.7433922005000006E7 12.748236216396087 0.0075 0.0075 151 240 5 8092 500 1 0.25 0.03833759992447472 0.07667519984894944 0.09584399981118683 5.98546211414337 false
299 32 78 5 3 0.19168799962237365 1.0E-4 0.0075 0.0075 6 240 5 3 500 1 0.25 1.2157665459056936E-4 2.4315330918113872E-4 0.0025 0.0018 false
299 32 78 5 3 0.19168799962237365 1.0E-4 0.0075 0.0075 6 240 5 3 500 1 0.25 1.2157665459056936E-4 2.4315330918113872E-4 0.0025 0.0018 false
299 32 78 5 3 0.19168799962237365 1.0E-4 0.0075 0.0075 6 240 5 3 500 1 0.25 1.2157665459056936E-4 2.4315330918113872E-4 0.0025 0.0018 false
299 32 78 5 3 0.19168799962237365 1.0E-4 0.0075 0.0075 6 240 5 3 500 1 0.25 1.2157665459056936E-4 2.4315330918113872E-4 0.0025 0.0018 false
299 32 78 5 3 0.19168799962237365 1.0E-4 0.0075 0.0075 6 240 5 3 500 1 0.25 1.2157665459056936E-4 2.4315330918113872E-4 0.0025 0.0018 false
299 32 78 5 3 0.19168799962237365 1.0E-4 0.0075 0.0075 6 240 5 3 500 1 0.25 1.2157665459056936E-4 2.4315330918113872E-4 0.0025 0.0018 false
299 32 78 5 3 0.19168799962237365 1.0E-4 0.0075 0.0075 6 240 5 3 500 1 0.25 1.2157665459056936E-4 2.4315330918113872E-4 0.0025 0.0018 false
299 32 78 5 3 0.19168799962237365 1.0E-4 0.0075 0.0075 6 240 5 3 500 1 0.25 1.2157665459056936E-4 2.4315330918113872E-4 0.0025 0.0018 false
299 32 78 5 3 0.19168799962237365 1.0E-4 0.0075 0.0075 6 240 5 3 500 1 0.25 1.2157665459056936E-4 2.4315330918113872E-4 0.0025 0.0018 false
299 32 78 5 3 0.19168799962237365 1.0E-4 0.0075 0.0075 6 240 5 3 500 1 0.25 1.2157665459056936E-4 2.4315330918113872E-4 0.0025 0.0018 false
299 32 78 5 3 0.19168799962237365 1.0E-4 0.0075 0.0075 6 240 5 3 500 1 0.25 1.2157665459056936E-4 2.4315330918113872E-4 0.0025 0.0018 false
299 32 78 5 3 0.19168799962237365 1.0E-4 0.0075 0.0075 6 240 5 3 500 1 0.25 1.2157665459056936E-4 2.4315330918113872E-4 0.0025 0.0018 false
299 32 78 5 3 0.19168799962237365 1.0E-4 0.0075 0.0075 6 240 5 3 500 1 0.25 1.2157665459056936E-4 2.4315330918113872E-4 0.0025 0.0018 false
299 32 78 5 3 0.19168799962237365 1.0E-4 0.0075 0.0075 6 240 5 3 500 1 0.25 1.2157665459056936E-4 2.4315330918113872E-4 0.0025 0.0018 false
299 32 78 5 3 0.19168799962237365 1.0E-4 0.0075 0.0075 6 240 5 3 500 1 0.25 1.2157665459056936E-4 2.4315330918113872E-4 0.0025 0.0018 false
299 32 78 5 3 0.19168799962237365 1.0E-4 0.0075 0.0075 6 240 5 3 500 1 0.25 1.2157665459056936E-4 2.4315330918113872E-4 0.0025 0.0018 false
299 32 78 5 3 0.19168799962237365 1.0E-4 0.0075 0.0075 6 240 5 3 500 1 0.25 1.2157665459056936E-4 2.4315330918113872E-4 0.0025 0.0018 false
299 32 78 5 3 0.19168799962237365 1.0E-4 0.0075 0.0075 6 240 5 3 500 1 0.25 1.2157665459056936E-4 2.4315330918113872E-4 0.0025 0.0018 false
299 32 78 5 3 0.19168799962237365 1.0E-4 0.0075 0.0075 6 240 5 3 500 1 0.25 1.2157665459056936E-4 2.4315330918113872E-4 0.0025 0.0018 false
299 32 78 5 3 0.19168799962237365 1.0E-4 0.0075 0.0075 6 240 5 3 500 1 0.25 1.2157665459056936E-4 2.4315330918113872E-4 0.0025 0.0018 false
299 32 78 5 3 0.19168799962237365 1.0E-4 0.0075 0.0075 6 240 5 3 500 1 0.25 1.2157665459056936E-4 2.4315330918113872E-4 0.0025 0.0018 false
299 32 78 5 3 0.19168799962237365 1.0E-4 0.0075 0.0075 6 240 5 3 500 1 0.25 1.2157665459056936E-4 2.4315330918113872E-4 0.0025 0.0018 false
299 32 78 5 3 0.19168799962237365 1.0E-4 0.0075 0.0075 6 240 5 3 500 1 0.25 1.2157665459056936E-4 2.4315330918113872E-4 0.0025 0.0018 false
299 32 78 5 3 0.19168799962237365 1.0E-4 0.0075 0.0075 6 240 5 3 500 1 0.25 1.2157665459056936E-4 2.4315330918113872E-4 0.0025 0.0018 false
299 32 78 5 3 0.19168799962237365 1.0E-4 0.0075 0.0075 6 240 5 3 500 1 0.25 1.2157665459056936E-4 2.4315330918113872E-4 0.0025 0.0018 false
0 32 0 5 3 16.62628365039826 9.5367431640625E-11 0.0075 0.0075 6 240 5 3 500 1 0.25 7.979226629761193E-7 1.5958453259522387E-6 0.0025 0.0018 false
0 32 0 5 3 16.62628365039826 9.5367431640625E-11 0.0075 0.0075 6 240 5 3 500 1 0.25 7.979226629761193E-7 1.5958453259522387E-6 0.0025 0.0018 false
0 32 0 5 3 16.62628365039826 9.5367431640625E-11 0.0075 0.0075 6 240 5 3 500 1 0.25 7.979226629761193E-7 1.5958453259522387E-6 0.0025 0.0018 false
0 32 0 5 3 16.62628365039826 9.5367431640625E-11 0.0075 0.0075 6 240 5 3 500 1 0.25 7.979226629761193E-7 1.5958453259522387E-6 0.0025 0.0018 false
0 32 0 5 3 16.62628365039826 9.5367431640625E-11 0.0075 0.0075 6 240 5 3 500 1 0.25 7.979226629761193E-7 1.5958453259522387E-6 0.0025 0.0018 false
0 32 0 5 3 16.62628365039826 9.5367431640625E-11 0.0075 0.0075 6 240 5 3 500 1 0.25 7.979226629761193E-7 1.5958453259522387E-6 0.0025 0.0018 false
0 32 0 5 3 16.62628365039826 9.5367431640625E-11 0.0075 0.0075 6 240 5 3 500 1 0.25 7.979226629761193E-7 1.5958453259522387E-6 0.0025 0.0018 false
0 32 0 5 3 16.62628365039826 9.5367431640625E-11 0.0075 0.0075 6 240 5 3 500 1 0.25 7.979226629761193E-7 1.5958453259522387E-6 0.0025 0.0018 false
0 32 0 5 3 16.62628365039826 9.5367431640625E-11 0.0075 0.0075 6 240 5 3 500 1 0.25 7.979226629761193E-7 1.5958453259522387E-6 0.0025 0.0018 false
0 32 0 5 3 16.62628365039826 9.5367431640625E-11 0.0075 0.0075 6 240 5 3 500 1 0.25 7.979226629761193E-7 1.5958453259522387E-6 0.0025 0.0018 false
0 32 0 5 3 16.62628365039826 9.5367431640625E-11 0.0075 0.0075 6 240 5 3 500 1 0.25 7.979226629761193E-7 1.5958453259522387E-6 0.0025 0.0018 false
0 32 0 5 3 16.62628365039826 9.5367431640625E-11 0.0075 0.0075 6 240 5 3 500 1 0.25 7.979226629761193E-7 1.5958453259522387E-6 0.0025 0.0018 false
0 32 0 5 3 16.62628365039826 9.5367431640625E-11 0.0075 0.0075 6 240 5 3 500 1 0.25 7.979226629761193E-7 1.5958453259522387E-6 0.0025 0.0018 false
0 32 0 5 3 16.62628365039826 9.5367431640625E-11 0.0075 0.0075 6 240 5 3 500 1 0.25 7.979226629761193E-7 1.5958453259522387E-6 0.0025 0.0018 false
0 32 0 5 3 16.62628365039826 9.5367431640625E-11 0.0075 0.0075 6 240 5 3 500 1 0.25 7.979226629761193E-7 1.5958453259522387E-6 0.0025 0.0018 false
0 32 0 5 3 16.62628365039826 9.5367431640625E-11 0.0075 0.0075 6 240 5 3 500 1 0.25 7.979226629761193E-7 1.5958453259522387E-6 0.0025 0.0018 false
0 32 0 5 3 16.62628365039826 9.5367431640625E-11 0.0075 0.0075 6 240 5 3 500 1 0.25 7.979226629761193E-7 1.5958453259522387E-6 0.0025 0.0018 false
0 32 0 5 3 16.62628365039826 9.5367431640625E-11 0.0075 0.0075 6 240 5 3 500 1 0.25 7.979226629761193E-7 1.5958453259522387E-6 0.0025 0.0018 false
0 32 0 5 3 16.62628365039826 9.5367431640625E-11 0.0075 0.0075 6 240 5 3 500 1 0.25 7.979226629761193E-7 1.5958453259522387E-6 0.0025 0.0018 false
0 32 0 5 3 16.62628365039826 9.5367431640625E-11 0.0075 0.0075 6 240 5 3 500 1 0.25 7.979226629761193E-7 1.5958453259522387E-6 0.0025 0.0018 false
0 32 0 5 3 16.62628365039826 9.5367431640625E-11 0.0075 0.0075 6 240 5 3 500 1 0.25 7.979226629761193E-7 1.5958453259522387E-6 0.0025 0.0018 false
0 32 0 5 3 16.62628365039826 9.5367431640625E-11 0.0075 0.0075 6 240 5 3 500 1 0.25 7.979226629761193E-7 1.5958453259522387E-6 0.0025 0.0018 false
0 32 0 5 3 16.62628365039826 9.5367431640625E-11 0.0075 0.0075 6 240 5 3 500 1 0.25 7.979226629761193E-7 1.5958453259522387E-6 0.0025 0.0018 false
0 32 0 5 3 16.62628365039826 9.5367431640625E-11 0.0075 0.0075 6 240 5 3 500 1 0.25 7.979226629761193E-7 1.5958453259522387E-6 0.0025 0.0018 false
0 32 0 5 3 16.62628365039826 9.5367431640625E-11 0.0075 0.0075 6 240 5 3 500 1 0.25 7.979226629761193E-7 1.5958453259522387E-6 0.0025 0.0018 false
0 32 0 5 3 5242.88 1.0995116277760015E-12 0.0075 0.0075 0 240 5 0 500 1 2.384185791015625E-7 9.5367431640625E-10 1.9073486328125E-9 2.384185791015625E-9 2.0752587082923258E-5 false
0 32 0 5 3 5242.88 1.0995116277760015E-12 0.0075 0.0075 0 240 5 0 500 1 2.384185791015625E-7 9.5367431640625E-10 1.9073486328125E-9 2.384185791015625E-9 2.0752587082923258E-5 false
0 32 0 5 3 5242.88 1.0995116277760015E-12 0.0075 0.0075 0 240 5 0 500 1 2.384185791015625E-7 9.5367431640625E-10 1.9073486328125E-9 2.384185791015625E-9 2.0752587082923258E-5 false
0 32 0 5 3 5242.88 1.0995116277760015E-12 0.0075 0.0075 0 240 5 0 500 1 2.384185791015625E-7 9.5367431640625E-10 1.9073486328125E-9 2.384185791015625E-9 2.0752587082923258E-5 false
0 32 0 5 3 5242.88 1.0995116277760015E-12 0.0075 0.0075 0 240 5 0 500 1 2.384185791015625E-7 9.5367431640625E-10 1.9073486328125E-9 2.384185791015625E-9 2.0752587082923258E-5 false
0 32 0 5 3 5242.88 1.0995116277760015E-12 0.0075 0.0075 0 240 5 0 500 1 2.384185791015625E-7 9.5367431640625E-10 1.9073486328125E-9 2.384185791015625E-9 2.0752587082923258E-5 false
0 32 0 5 3 5242.88 1.0995116277760015E-12 0.0075 0.0075 0 240 5 0 500 1 2.384185791015625E-7 9.5367431640625E-10 1.9073486328125E-9 2.384185791015625E-9 2.0752587082923258E-5 false
0 32 0 5 3 5242.88 1.0995116277760015E-12 0.0075 0.0075 0 240 5 0 500 1 2.384185791015625E-7 9.5367431640625E-10 1.9073486328125E-9 2.384185791015625E-9 2.0752587082923258E-5 false
0 32 0 5 3 5242.88 1.0995116277760015E-12 0.0075 0.0075 0 240 5 0 500 1 2.384185791015625E-7 9.5367431640625E-10 1.9073486328125E-9 2.384185791015625E-9 2.0752587082923258E-5 false
0 32 0 5 3 5242.88 1.0995116277760015E-12 0.0075 0.0075 0 240 5 0 500 1 2.384185791015625E-7 9.5367431640625E-10 1.9073486328125E-9 2.384185791015625E-9 2.0752587082923258E-5 false
0 32 0 5 3 5242.88 1.0995116277760015E-12 0.0075 0.0075 0 240 5 0 500 1 2.384185791015625E-7 9.5367431640625E-10 1.9073486328125E-9 2.384185791015625E-9 2.0752587082923258E-5 false
0 32 0 5 3 5242.88 1.0995116277760015E-12 0.0075 0.0075 0 240 5 0 500 1 2.384185791015625E-7 9.5367431640625E-10 1.9073486328125E-9 2.384185791015625E-9 2.0752587082923258E-5 false
0 32 0 5 3 5242.88 1.0995116277760015E-12 0.0075 0.0075 0 240 5 0 500 1 2.384185791015625E-7 9.5367431640625E-10 1.9073486328125E-9 2.384185791015625E-9 2.0752587082923258E-5 false
0 32 0 5 3 5242.88 1.0995116277760015E-12 0.0075 0.0075 0 240 5 0 500 1 2.384185791015625E-7 9.5367431640625E-10 1.9073486328125E-9 2.384185791015625E-9 2.0752587082923258E-5 false
0 32 0 5 3 5242.88 1.0995116277760015E-12 0.0075 0.0075 0 240 5 0 500 1 2.384185791015625E-7 9.5367431640625E-10 1.9073486328125E-9 2.384185791015625E-9 2.0752587082923258E-5 false
0 32 0 5 3 5242.88 1.0995116277760015E-12 0.0075 0.0075 0 240 5 0 500 1 2.384185791015625E-7 9.5367431640625E-10 1.9073486328125E-9 2.384185791015625E-9 2.0752587082923258E-5 false
0 32 0 5 3 5242.88 1.0995116277760015E-12 0.0075 0.0075 0 240 5 0 500 1 2.384185791015625E-7 9.5367431640625E-10 1.9073486328125E-9 2.384185791015625E-9 2.0752587082923258E-5 false
0 32 0 5 3 5242.88 1.0995116277760015E-12 0.0075 0.0075 0 240 5 0 500 1 2.384185791015625E-7 9.5367431640625E-10 1.9073486328125E-9 2.384185791015625E-9 2.0752587082923258E-5 false
0 32 0 5 3 5242.88 1.0995116277760015E-12 0.0075 0.0075 0 240 5 0 500 1 2.384185791015625E-7 9.5367431640625E-10 1.9073486328125E-9 2.384185791015625E-9 2.0752587082923258E-5 false
0 32 0 5 3 5242.88 1.0995116277760015E-12 0.0075 0.0075 0 240 5 0 500 1 2.384185791015625E-7 9.5367431640625E-10 1.9073486328125E-9 2.384185791015625E-9 2.0752587082923258E-5 false
0 32 0 5 3 5242.88 1.0995116277760015E-12 0.0075 0.0075 0 240 5 0 500 1 2.384185791015625E-7 9.5367431640625E-10 1.9073486328125E-9 2.384185791015625E-9 2.0752587082923258E-5 false
0 32 0 5 3 5242.88 1.0995116277760015E-12 0.0075 0.0075 0 240 5 0 500 1 2.384185791015625E-7 9.5367431640625E-10 1.9073486328125E-9 2.384185791015625E-9 2.0752587082923258E-5 false
0 32 0 5 3 5242.88 1.0995116277760015E-12 0.0075 0.0075 0 240 5 0 500 1 2.384185791015625E-7 9.5367431640625E-10 1.9073486328125E-9 2.384185791015625E-9 2.0752587082923258E-5 false
0 32 0 5 3 5242.88 1.0995116277760015E-12 0.0075 0.0075 0 240 5 0 500 1 2.384185791015625E-7 9.5367431640625E-10 1.9073486328125E-9 2.384185791015625E-9 2.0752587082923258E-5 false
0 32 0 5 3 5242.88 1.0995116277760015E-12 0.0075 0.0075 0 240 5 0 500 1 2.384185791015625E-7 9.5367431640625E-10 1.9073486328125E-9 2.384185791015625E-9 2.0752587082923258E-5 false
0 32 0 5 3 5242.88 3.486784400999999E-15 0.0075 0.0075 0 240 5 0 500 1 2.621440000000003E-15 3.486784400999997E-14 6.973568801999994E-14 0.0 1.71661376953125E-9 false
0 32 0 5 3 5242.88 3.486784400999999E-15 0.0075 0.0075 0 240 5 0 500 1 2.621440000000003E-15 3.486784400999997E-14 6.973568801999994E-14 0.0 1.71661376953125E-9 false
0 32 0 5 3 5242.88 3.486784400999999E-15 0.0075 0.0075 0 240 5 0 500 1 2.621440000000003E-15 3.486784400999997E-14 6.973568801999994E-14 0.0 1.71661376953125E-9 false
0 32 0 5 3 5242.88 3.486784400999999E-15 0.0075 0.0075 0 240 5 0 500 1 2.621440000000003E-15 3.486784400999997E-14 6.973568801999994E-14 0.0 1.71661376953125E-9 false
0 32 0 5 3 5242.88 3.486784400999999E-15 0.0075 0.0075 0 240 5 0 500 1 2.621440000000003E-15 3.486784400999997E-14 6.973568801999994E-14 0.0 1.71661376953125E-9 false
0 32 0 5 3 5242.88 3.486784400999999E-15 0.0075 0.0075 0 240 5 0 500 1 2.621440000000003E-15 3.486784400999997E-14 6.973568801999994E-14 0.0 1.71661376953125E-9 false
0 32 0 5 3 5242.88 3.486784400999999E-15 0.0075 0.0075 0 240 5 0 500 1 2.621440000000003E-15 3.486784400999997E-14 6.973568801999994E-14 0.0 1.71661376953125E-9 false
0 32 0 5 3 5242.88 3.486784400999999E-15 0.0075 0.0075 0 240 5 0 500 1 2.621440000000003E-15 3.486784400999997E-14 6.973568801999994E-14 0.0 1.71661376953125E-9 false
0 32 0 5 3 5242.88 3.486784400999999E-15 0.0075 0.0075 0 240 5 0 500 1 2.621440000000003E-15 3.486784400999997E-14 6.973568801999994E-14 0.0 1.71661376953125E-9 false
0 32 0 5 3 5242.88 3.486784400999999E-15 0.0075 0.0075 0 240 5 0 500 1 2.621440000000003E-15 3.486784400999997E-14 6.973568801999994E-14 0.0 1.71661376953125E-9 false
0 32 0 5 3 5242.88 3.486784400999999E-15 0.0075 0.0075 0 240 5 0 500 1 2.621440000000003E-15 3.486784400999997E-14 6.973568801999994E-14 0.0 1.71661376953125E-9 false
0 32 0 5 3 5242.88 3.486784400999999E-15 0.0075 0.0075 0 240 5 0 500 1 2.621440000000003E-15 3.486784400999997E-14 6.973568801999994E-14 0.0 1.71661376953125E-9 false
0 32 0 5 3 5242.88 3.486784400999999E-15 0.0075 0.0075 0 240 5 0 500 1 2.621440000000003E-15 3.486784400999997E-14 6.973568801999994E-14 0.0 1.71661376953125E-9 false
0 32 0 5 3 5242.88 3.486784400999999E-15 0.0075 0.0075 0 240 5 0 500 1 2.621440000000003E-15 3.486784400999997E-14 6.973568801999994E-14 0.0 1.71661376953125E-9 false
0 32 0 5 3 5242.88 3.486784400999999E-15 0.0075 0.0075 0 240 5 0 500 1 2.621440000000003E-15 3.486784400999997E-14 6.973568801999994E-14 0.0 1.71661376953125E-9 false
0 32 0 5 3 5242.88 3.486784400999999E-15 0.0075 0.0075 0 240 5 0 500 1 2.621440000000003E-15 3.486784400999997E-14 6.973568801999994E-14 0.0 1.71661376953125E-9 false
0 32 0 5 3 5242.88 3.486784400999999E-15 0.0075 0.0075 0 240 5 0 500 1 2.621440000000003E-15 3.486784400999997E-14 6.973568801999994E-14 0.0 1.71661376953125E-9 false
0 32 0 5 3 5242.88 3.486784400999999E-15 0.0075 0.0075 0 240 5 0 500 1 2.621440000000003E-15 3.486784400999997E-14 6.973568801999994E-14 0.0 1.71661376953125E-9 false
0 32 0 5 3 5242.88 3.486784400999999E-15 0.0075 0.0075 0 240 5 0 500 1 2.621440000000003E-15 3.486784400999997E-14 6.973568801999994E-14 0.0 1.71661376953125E-9 false
0 32 0 5 3 5242.88 3.486784400999999E-15 0.0075 0.0075 0 240 5 0 500 1 2.621440000000003E-15 3.486784400999997E-14 6.973568801999994E-14 0.0 1.71661376953125E-9 false
0 32 0 5 3 5242.88 3.486784400999999E-15 0.0075 0.0075 0 240 5 0 500 1 2.621440000000003E-15 3.486784400999997E-14 6.973568801999994E-14 0.0 1.71661376953125E-9 false
0 32 0 5 3 5242.88 3.486784400999999E-15 0.0075 0.0075 0 240 5 0 500 1 2.621440000000003E-15 3.486784400999997E-14 6.973568801999994E-14 0.0 1.71661376953125E-9 false
0 32 0 5 3 5242.88 3.486784400999999E-15 0.0075 0.0075 0 240 5 0 500 1 2.621440000000003E-15 3.486784400999997E-14 6.973568801999994E-14 0.0 1.71661376953125E-9 false
0 32 0 5 3 5242.88 3.486784400999999E-15 0.0075 0.0075 0 240 5 0 500 1 2.621440000000003E-15 3.486784400999997E-14 6.973568801999994E-14 0.0 1.71661376953125E-9 false
0 32 0 5 3 5242.88 3.486784400999999E-15 0.0075 0.0075 0 240 5 0 500 1 2.621440000000003E-15 3.486784400999997E-14 6.973568801999994E-14 0.0 1.71661376953125E-9 false
0 32 0 5 3 5242.88 1.0485760000000015E-18 0.0075 0.0075 0 240 5 0 500 1 0.0 1.0000000000000013E-23 2.0000000000000026E-23 0.0 0.0 false
0 32 0 5 3 5242.88 1.0485760000000015E-18 0.0075 0.0075 0 240 5 0 500 1 0.0 1.0000000000000013E-23 2.0000000000000026E-23 0.0 0.0 false
0 32 0 5 3 5242.88 1.0485760000000015E-18 0.0075 0.0075 0 240 5 0 500 1 0.0 1.0000000000000013E-23 2.0000000000000026E-23 0.0 0.0 false
0 32 0 5 3 5242.88 1.0485760000000015E-18 0.0075 0.0075 0 240 5 0 500 1 0.0 1.0000000000000013E-23 2.0000000000000026E-23 0.0 0.0 false
0 32 0 5 3 5242.88 1.0485760000000015E-18 0.0075 0.0075 0 240 5 0 500 1 0.0 1.0000000000000013E-23 2.0000000000000026E-23 0.0 0.0 false
0 32 0 5 3 5242.88 1.0485760000000015E-18 0.0075 0.0075 0 240 5 0 500 1 0.0 1.0000000000000013E-23 2.0000000000000026E-23 0.0 0.0 false
0 32 0 5 3 5242.88 1.0485760000000015E-18 0.0075 0.0075 0 240 5 0 500 1 0.0 1.0000000000000013E-23 2.0000000000000026E-23 0.0 0.0 false
0 32 0 5 3 5242.88 1.0485760000000015E-18 0.0075 0.0075 0 240 5 0 500 1 0.0 1.0000000000000013E-23 2.0000000000000026E-23 0.0 0.0 false
0 32 0 5 3 5242.88 1.0485760000000015E-18 0.0075 0.0075 0 240 5 0 500 1 0.0 1.0000000000000013E-23 2.0000000000000026E-23 0.0 0.0 false
0 32 0 5 3 5242.88 1.0485760000000015E-18 0.0075 0.0075 0 240 5 0 500 1 0.0 1.0000000000000013E-23 2.0000000000000026E-23 0.0 0.0 false
0 32 0 5 3 5242.88 1.0485760000000015E-18 0.0075 0.0075 0 240 5 0 500 1 0.0 1.0000000000000013E-23 2.0000000000000026E-23 0.0 0.0 false
0 32 0 5 3 5242.88 1.0485760000000015E-18 0.0075 0.0075 0 240 5 0 500 1 0.0 1.0000000000000013E-23 2.0000000000000026E-23 0.0 0.0 false
0 32 0 5 3 5242.88 1.0485760000000015E-18 0.0075 0.0075 0 240 5 0 500 1 0.0 1.0000000000000013E-23 2.0000000000000026E-23 0.0 0.0 false
0 32 0 5 3 5242.88 1.0485760000000015E-18 0.0075 0.0075 0 240 5 0 500 1 0.0 1.0000000000000013E-23 2.0000000000000026E-23 0.0 0.0 false
0 32 0 5 3 5242.88 1.0485760000000015E-18 0.0075 0.0075 0 240 5 0 500 1 0.0 1.0000000000000013E-23 2.0000000000000026E-23 0.0 0.0 false
0 32 0 5 3 5242.88 1.0485760000000015E-18 0.0075 0.0075 0 240 5 0 500 1 0.0 1.0000000000000013E-23 2.0000000000000026E-23 0.0 0.0 false
0 32 0 5 3 5242.88 1.0485760000000015E-18 0.0075 0.0075 0 240 5 0 500 1 0.0 1.0000000000000013E-23 2.0000000000000026E-23 0.0 0.0 false
0 32 0 5 3 5242.88 1.0485760000000015E-18 0.0075 0.0075 0 240 5 0 500 1 0.0 1.0000000000000013E-23 2.0000000000000026E-23 0.0 0.0 false
0 32 0 5 3 5242.88 1.0485760000000015E-18 0.0075 0.0075 0 240 5 0 500 1 0.0 1.0000000000000013E-23 2.0000000000000026E-23 0.0 0.0 false
0 32 0 5 3 5242.88 1.0485760000000015E-18 0.0075 0.0075 0 240 5 0 500 1 0.0 1.0000000000000013E-23 2.0000000000000026E-23 0.0 0.0 false
0 32 0 5 3 5242.88 1.0485760000000015E-18 0.0075 0.0075 0 240 5 0 500 1 0.0 1.0000000000000013E-23 2.0000000000000026E-23 0.0 0.0 false
0 32 0 5 3 5242.88 1.0485760000000015E-18 0.0075 0.0075 0 240 5 0 500 1 0.0 1.0000000000000013E-23 2.0000000000000026E-23 0.0 0.0 false
0 32 0 5 3 5242.88 1.0485760000000015E-18 0.0075 0.0075 0 240 5 0 500 1 0.0 1.0000000000000013E-23 2.0000000000000026E-23 0.0 0.0 false
0 32 0 5 3 5242.88 1.0485760000000015E-18 0.0075 0.0075 0 240 5 0 500 1 0.0 1.0000000000000013E-23 2.0000000000000026E-23 0.0 0.0 false
0 32 0 5 3 5242.88 1.0485760000000015E-18 0.0075 0.0075 0 240 5 0 500 1 0.0 1.0000000000000013E-23 2.0000000000000026E-23 0.0 0.0 false
