5
5
0.7;0.7;0.7;0.7;0.7;0.7;0.7;0.7;0.7;0.7;0.7;0.7;0.7;0.7
0.7;0.7;0.7;0.7;0.7;0.7;0.7;0.7;0.7;0.7;0.7;0.7;0.7;0.7
0.7;0.7;0.7;0.7;0.7;0.7;0.7;0.7;0.7;0.7;0.7;0.7;0.7;0.7
0.7;0.7;0.7;0.7;0.7;0.7;0.7;0.7;0.7;0.7;0.7;0.7;0.7;0.7
0.7;0.7;0.7;0.7;0.7;0.7;0.7;0.7;0.7;0.7;0.7;0.7;0.7;0.7
0.7;0.7;0.7;0.7;0.7;0.7;0.7;0.7;0.7;0.7;0.7;0.7;0.7;0.7
1.2;1.2;1.2;1.2;1.2;1.2;1.2;1.2;1.2;1.2;1.2;1.2;1.2;1.2
1.2;1.2;1.2;1.2;1.2;1.2;1.2;1.2;1.2;1.2;1.2;1.2;1.2;1.2
1.2;1.2;1.2;1.2;1.2;1.2;1.2;1.2;1.2;1.2;1.2;1.2;1.2;1.2
0.7;0.7;0.7;0.7;0.7;0.7;0.7;0.7;0.7;0.7;0.7;0.7;0.7;0.7
0.7;0.7;0.7;0.7;0.7;0.7;0.7;0.7;0.7;0.7;0.7;0.7;0.7;0.7
1.2;1.2;1.2;1.2;1.2;1.2;1.2;1.2;1.2;1.2;1.2;1.2;1.2;1.2
2;2;2;2;2;2;2;2;2;2;2;2;2;2
1.2;1.2;1.2;1.2;1.2;1.2;1.2;1.2;1.2;1.2;1.2;1.2;1.2;1.2
0.7;0.7;0.7;0.7;0.7;0.7;0.7;0.7;0.7;0.7;0.7;0.7;0.7;0.7
0.7;0.7;0.7;0.7;0.7;0.7;0.7;0.7;0.7;0.7;0.7;0.7;0.7;0.7
1.2;1.2;1.2;1.2;1.2;1.2;1.2;1.2;1.2;1.2;1.2;1.2;1.2;1.2
1.2;1.2;1.2;1.2;1.2;1.2;1.2;1.2;1.2;1.2;1.2;1.2;1.2;1.2
1.2;1.2;1.2;1.2;1.2;1.2;1.2;1.2;1.2;1.2;1.2;1.2;1.2;1.2
0.7;0.7;0.7;0.7;0.7;0.7;0.7;0.7;0.7;0.7;0.7;0.7;0.7;0.7
0.7;0.7;0.7;0.7;0.7;0.7;0.7;0.7;0.7;0.7;0.7;0.7;0.7;0.7
0.7;0.7;0.7;0.7;0.7;0.7;0.7;0.7;0.7;0.7;0.7;0.7;0.7;0.7
0.7;0.7;0.7;0.7;0.7;0.7;0.7;0.7;0.7;0.7;0.7;0.7;0.7;0.7
0.7;0.7;0.7;0.7;0.7;0.7;0.7;0.7;0.7;0.7;0.7;0.7;0.7;0.7
0.7;0.7;0.7;0.7;0.7;0.7;0.7;0.7;0.7;0.7;0.7;0.7;0.7;0.7